1543545806.849907 0.0000000 0.0000000 0.0000000 0.0000000 0.0000000 0.0000000 1.0000000
1543545806.939698 -0.0303124 -0.0021837 0.0069164 -0.0004068 -0.0055013 -0.0016080 0.9999835
1543545807.068170 -0.0622000 0.0095491 0.0168792 -0.0010634 0.0067242 0.0020896 0.9999747
1543545807.590378 -0.2334354 0.0448106 0.0745357 -0.0005099 0.0630236 0.0131711 0.9979250
1543545807.703697 -0.2482147 0.0434837 0.0834637 -0.0023909 0.0753357 0.0167798 0.9970142
1543545807.859873 -0.2646830 0.0494973 0.1036718 -0.0039833 0.1001238 0.0253826 0.9946432
1543545808.039460 -0.2784520 0.0559031 0.1144430 -0.0040755 0.1060100 0.0287602 0.9939407
1543545809.248084 -0.0432899 -0.0456873 -0.0928835 0.0055606 -0.0819859 -0.0084931 0.9965818
1543545809.791957 0.1183497 -0.0381768 -0.1137401 0.0011609 -0.0297027 0.0000227 0.9995581
1543545810.305318 0.2428660 -0.0086377 -0.1116794 -0.0025009 0.0722473 0.0196428 0.9971902
1543545810.541313 0.2866437 0.0059015 -0.1199883 -0.0034190 0.1084984 0.0274718 0.9937111
1543545811.255960 0.3324932 0.0424416 -0.1104753 -0.0034611 0.1596130 0.0362632 0.9865073
1543545811.528285 0.3616398 0.0586061 -0.1106762 -0.0033804 0.1887278 0.0443935 0.9810197
1543545811.818230 0.3339405 0.0781629 -0.0942259 -0.0020845 0.1775111 0.0375940 0.9833983
1543545812.479390 0.2403501 0.0393865 -0.0882642 -0.0008287 0.0746920 0.0160723 0.9970767
1543545812.812261 0.2022909 0.0313251 -0.0899540 0.0013945 0.0289947 0.0066038 0.9995568
1543545814.106513 0.0277211 -0.0117148 -0.0758115 0.0026645 -0.1606138 -0.0313694 0.9865151
1543545816.706599 -0.3061626 -0.0142186 -0.1439742 0.0095790 -0.4178503 -0.0858724 0.9043977
1543545822.379148 -0.2146544 -0.4072956 -0.6433255 0.0155871 -0.6415137 -0.1261656 0.7565048
1543545823.119588 -0.2061348 -0.5368004 -0.7178420 0.0119960 -0.6441811 -0.1262256 0.7542903
1543545826.327835 -0.2246135 0.0932872 -0.4945309 0.0143011 -0.7701904 -0.1533019 0.6189514
1543545832.810776 -0.1760273 0.1693798 -0.6066942 -0.0181123 0.8845700 0.1751214 -0.4319031
1543545837.237724 -0.1190303 0.2351432 -0.1553201 -0.0004487 -0.1586646 -0.0196114 0.9871377
1543545837.631409 0.0059197 0.2154757 -0.1297473 -0.0030596 -0.0424348 0.0059471 0.9990768
1543545838.013472 0.1342694 0.2124841 -0.1106087 -0.0041885 0.0599951 0.0256127 0.9978612
1543545838.822035 0.2225251 0.1984050 -0.1331637 -0.0016622 0.1506741 0.0352397 0.9879538
1543545839.198436 0.1388943 0.2036855 -0.1228831 0.0018954 0.0507356 0.0091980 0.9986680
1543545839.654315 -0.0248953 0.2015784 -0.1465309 0.0017963 -0.1591179 -0.0387238 0.9864982
1543545842.095017 -0.1402572 0.2218172 0.0773024 0.0045581 -0.1597399 -0.0198101 0.9869498
1543545844.209935 -0.1806045 0.2244782 0.0903835 0.0044073 -0.1873573 -0.0369008 0.9815886
1543545855.034535 -0.0521301 0.1960950 0.0138492 0.0038163 -0.1470119 -0.0285066 0.9887165
1543545856.030402 -0.3572767 0.2279339 -0.3789813 0.0168104 -0.5923717 -0.1262775 0.7955295
1543545864.059687 -0.1143268 0.2593316 -0.8376020 -0.0170666 0.9131523 0.1800682 -0.3652905
1543545880.122218 0.0160509 0.1449875 -0.0273729 0.0147492 -0.0645898 0.0337310 0.9972326
1543545881.312511 0.0448712 0.1564565 0.0228855 0.0028371 -0.0380011 0.0098765 0.9992248
1543545887.319512 -0.3765295 0.2007658 -0.1897644 -0.0179564 -0.4322006 -0.0605126 0.8995657
1543545894.343612 -0.2838233 0.2611600 0.0418222 -0.0005201 -0.2354112 -0.0612828 0.9699617
1543545916.566406 0.0572057 0.2329120 -0.0040621 0.0015028 0.0813872 0.0232064 0.9964112
1543545917.371465 -0.0507553 0.1685158 -0.0393505 0.0043525 -0.0661657 -0.0154954 0.9976788
1543545917.930950 -0.3071861 -0.1062161 -0.2923997 0.0102252 -0.3521759 -0.0771280 0.9326944
1543545918.956783 -0.0594270 0.0001171 -1.0066235 -0.0249421 0.9260450 0.2050118 -0.3158935
1543545920.559443 -0.0212868 0.2508405 -0.9325810 -0.0176916 0.9405097 0.1767449 -0.2896373
1543545920.756842 -0.0900578 0.1929553 -0.9513197 -0.0141892 0.9278261 0.1834848 -0.3244545
1543545922.133331 0.0138525 -0.3400153 -0.3810596 -0.0013443 -0.2023739 -0.0186336 0.9791301
1543545923.573448 -0.0702193 0.3317191 -0.0325868 -0.0007656 -0.1213682 -0.0249884 0.9922926
1543545924.029242 -0.2743492 0.3398996 -0.1080015 0.0019320 -0.3160324 -0.0701643 0.9461484
1543545924.530576 -0.4026870 0.3444586 -0.2823950 0.0112396 -0.5546606 -0.1173371 0.8236852
1543545925.161186 -0.2762682 0.3546198 -0.7814099 -0.0339454 0.8468894 0.1801008 -0.4991891
1543545925.537026 -0.0456798 0.2995215 -0.9173710 -0.0370481 0.9407476 0.1850716 -0.2817266
1543545925.747448 -0.0546555 0.3147753 -0.9234969 -0.0328176 0.9377620 0.1841081 -0.2926254
1543545926.146783 -0.0438066 0.3223842 -0.9308928 -0.0253958 0.9360135 0.1804194 -0.3011356
1543545926.390963 -0.0731653 0.2888446 -0.9066542 -0.0241691 0.9308917 0.1760888 -0.3191383
1543545926.619647 -0.2017814 -0.0057327 -0.8682065 -0.0151921 0.8714204 0.1749759 -0.4580165
1543545927.393554 -0.2204615 -0.3915451 -0.5085863 0.0020908 -0.5239357 -0.0917963 0.8467942
1543545931.282638 -0.1627458 0.4374519 -0.8686968 -0.0174580 0.9345364 0.1814974 -0.3056070
1543545933.086214 0.1099906 0.2760257 0.0385165 -0.0141763 0.0436245 0.0317524 0.9984426
1543545935.287647 0.0537209 0.2450747 0.0070474 -0.0001807 -0.0549842 -0.0063882 0.9984668
1543545935.877749 -0.0289515 0.2839215 0.0360765 -0.0000215 -0.0636850 -0.0117155 0.9979013
1543545936.396805 -0.1394022 0.2779984 0.0465883 0.0005810 -0.0380954 -0.0086685 0.9992363
1543545936.954757 -0.2364121 0.2506773 -0.0685157 -0.0049971 -0.1182815 -0.0170591 0.9928210
1543545938.566290 -0.9377325 0.4148906 -0.4868948 0.0080302 -0.6535670 -0.1362304 0.7444643
1543545938.882721 -1.0614638 0.4739272 -0.5002606 0.0073173 -0.7012733 -0.1425150 0.6984638
1543545939.145490 -1.1950394 0.5645706 -0.4614739 0.0045602 -0.7221794 -0.1458874 0.6761309
1543545939.409247 -1.2884254 0.7939400 -0.3161925 0.0013734 -0.6847878 -0.1314155 0.7167941
1543545939.842150 -1.3686371 1.1056105 -0.1947271 0.0104749 -0.7044059 -0.1336975 0.6970133
1543545942.132357 -1.3728936 1.1422352 -0.1875338 0.0151366 -0.7028979 -0.1319330 0.6987841
1543545944.634733 -1.3738976 1.1431947 -0.1871019 0.0155148 -0.7020819 -0.1320244 0.6995783
