1543543547.690285 0.0000000 0.0000000 0.0000000 0.0000000 0.0000000 0.0000000 1.0000000
1543543547.718085 -0.0144697 0.0018846 0.0056772 -0.0016252 0.0092431 0.0012104 0.9999552
1543543547.795464 -0.0353070 0.0081080 0.0200870 -0.0039355 0.0306068 0.0065925 0.9995020
1543543548.135758 -0.0953004 0.0194013 0.0651835 -0.0084828 0.0830471 0.0220744 0.9962650
1543543548.234285 -0.1075909 0.0215614 0.0727601 -0.0089329 0.0879840 0.0237739 0.9957981
1543543548.571411 -0.1034438 0.0116305 0.0565548 -0.0074995 0.0660718 0.0226598 0.9975294
1543543549.351701 0.1213303 -0.1017885 -0.1387046 0.0018986 -0.0833367 -0.0061855 0.9965004
1543543549.518383 0.1864981 -0.1018226 -0.1644311 0.0011035 -0.0995749 -0.0109943 0.9949687
1543543550.358251 0.4864898 -0.0747259 -0.1766260 -0.0051686 0.0128289 0.0080666 0.9998718
1543543550.641150 0.5575261 -0.0521618 -0.1790750 -0.0067517 0.0681143 0.0192106 0.9974697
1543543551.102083 0.6269481 0.0073096 -0.1675691 -0.0060444 0.1249590 0.0293476 0.9917094
1543543551.501874 0.6523393 0.0091316 -0.1720150 -0.0061382 0.1418634 0.0330543 0.9893152
1543543551.995437 0.6727834 0.0505120 -0.1483820 -0.0055702 0.1832077 0.0407098 0.9822152
1543543552.236163 0.6119086 0.0437523 -0.1527890 -0.0042732 0.1268309 0.0255033 0.9915872
1543543553.983004 0.3272312 -0.0639767 -0.1637032 -0.0025047 -0.1180152 -0.0233351 0.9927344
1543543554.372023 0.2713925 -0.0628812 -0.1454522 -0.0025780 -0.1766621 -0.0332519 0.9837064
1543543554.756996 0.2461309 -0.0605837 -0.0871881 -0.0010214 -0.2309016 -0.0419066 0.9720737
1543543557.514343 0.0362008 -0.0141380 -0.4010581 0.0068163 -0.4738184 -0.0945708 0.8755033
1543543558.347889 0.0140725 -0.0141316 -0.4978935 0.0021589 -0.5497823 -0.1121916 0.8277365
1543543559.015047 -0.0389759 -0.0461461 -0.5677316 0.0063649 -0.5841497 -0.1159341 0.8032981
1543543567.165689 0.0085708 0.0856280 -0.7829767 0.0186956 -0.8397691 -0.1679691 0.5159696
1543543568.464768 0.0589176 0.1097533 -0.8193246 -0.0180720 0.8949040 0.1735022 -0.4107519
1543543573.377731 0.0135401 0.1870081 -0.8616858 -0.0166188 0.8955214 0.1779502 -0.4075524
1543543577.367890 0.0571563 0.2555331 -0.2668881 -0.0022402 -0.2161049 -0.0317798 0.9758503
1543543577.709802 0.1697272 0.2313570 -0.2281295 -0.0056888 -0.1111946 -0.0088297 0.9937431
1543543578.430960 0.4459637 0.2055369 -0.1879132 -0.0071262 0.0603382 0.0237006 0.9978711
1543543579.348344 0.4588307 0.2057791 -0.1924419 -0.0032119 0.0869102 0.0181321 0.9960459
1543543579.707699 0.3134274 0.2060408 -0.2088038 -0.0012024 -0.0804826 -0.0208665 0.9965369
1543543584.914146 -0.2569176 0.2563780 -0.2131077 0.0089238 -0.4358369 -0.0963386 0.8948103
1543543602.916190 -0.1463446 0.2915517 -0.9232323 0.0266899 -0.7873036 -0.1725423 0.5913289
1543543605.297938 -0.1934709 0.1932719 -0.6145078 -0.0117443 -0.6689500 -0.1232126 0.7329302
1543543645.901811 0.1103473 0.2376644 -0.1020941 -0.0077019 -0.0795550 -0.0063098 0.9967808
1543543646.534045 0.1325468 0.2534076 -0.0863680 -0.0077537 -0.0607912 -0.0031463 0.9981154
1543543648.290090 0.1318241 0.3676420 -1.1719310 -0.0189315 0.9572958 0.1704269 -0.2327681
1543543649.424448 0.0624202 0.3338170 -1.2161601 -0.0149452 0.9358304 0.1830174 -0.3008367
1543543651.250935 0.1913902 0.1451713 -0.1105019 0.0044473 -0.0315575 -0.0051199 0.9994789
1543543655.299159 -0.0107338 0.2554228 -1.1450515 -0.0138319 0.8976778 0.1766873 -0.4034413
1543543656.894006 0.2904446 0.2514064 -0.0502922 -0.0005050 0.0489246 0.0145104 0.9986969
1543543657.425431 0.2383557 0.2137550 -0.0809897 0.0009775 -0.0286030 -0.0020697 0.9995883
1543543657.889183 0.0391123 0.0108243 -0.1989888 0.0000786 -0.1908320 -0.0396115 0.9808232
1543543658.880830 -0.0571780 -0.2585295 -1.0124142 0.0199510 -0.7636434 -0.1566436 0.6260299
1543543659.487923 0.1341424 0.4801253 -1.0704948 -0.0576019 0.9763956 0.1362554 -0.1573791
1543543659.784839 0.1146010 0.9152062 -1.0815368 -0.0880338 0.9720397 0.0529684 -0.2111475
1543543659.951628 0.0960460 1.0097638 -1.0767506 -0.0937236 0.9687867 0.0295983 -0.2275789
1543543660.147918 0.0959693 0.9939796 -1.0754080 -0.0891033 0.9641346 0.0270342 -0.2485441
1543543660.720399 0.1107101 0.9115477 -1.0758505 -0.0821568 0.9642626 0.0454142 -0.2477608
1543543660.913720 0.0841911 0.9683576 -1.0844122 -0.0855882 0.9622326 0.0339699 -0.2561818
1543543661.158633 0.0014108 0.9827894 -1.0250328 -0.0578312 0.9346777 -0.0227216 -0.3500242
1543543661.360628 -0.0441703 1.1085691 -0.9638700 -0.0111967 0.8770350 -0.1055121 -0.4685631
1543543661.522356 -0.1242700 1.0736117 -1.0190462 -0.0169401 -0.8116776 0.1256429 0.5701810
1543543662.066167 0.0311000 -0.4638962 -0.7678862 -0.0013697 -0.5040031 -0.0838988 0.8596162
1543543662.392731 0.2689093 -0.4889967 -0.4981824 -0.0108696 -0.2204066 -0.0202706 0.9751368
1543543664.817845 -0.2640059 0.3943029 -0.4753600 0.0110243 -0.5797235 -0.1231487 0.8053779
1543543667.228785 -0.0816226 -0.3662773 -0.9129749 0.0029522 -0.7355700 -0.1373012 0.6633826
1543543667.544867 -0.0392083 -0.4782949 -0.7733805 0.0017077 -0.5931834 -0.1063126 0.7980152
1543543667.840527 0.0621127 -0.5401848 -0.5324966 -0.0045579 -0.4413895 -0.0715544 0.8944464
1543543668.183758 0.4517665 -0.3909970 -0.1362365 -0.0193559 -0.1212605 0.0107958 0.9923732
1543543668.882862 0.2731009 0.3403648 -0.0060903 -0.0062877 -0.0962900 -0.0061356 0.9953145
1543543669.258880 0.2410522 0.3137912 -0.0304405 -0.0025149 -0.1355261 -0.0136887 0.9906760
1543543670.355381 -0.1671597 0.4745283 -1.0946383 -0.0152719 0.8542534 0.2048197 -0.4775634
1543543670.534784 0.1757296 0.9148270 -1.6497457 -0.0667222 0.9086553 0.1910132 -0.3652501
1543543670.704813 0.0347098 0.4959089 -1.2561114 -0.0196953 0.9420812 0.2069667 -0.2631727
1543543670.942223 0.0441013 0.4951855 -1.2192165 -0.0172050 0.9426106 0.1959866 -0.2697748
1543543671.259249 0.0372216 0.4940129 -1.1942682 -0.0169121 0.9365188 0.1880861 -0.2954152
1543543671.587073 0.0387440 0.4844529 -1.2085714 -0.0150802 0.9360844 0.1883809 -0.2967004
1543543673.458050 0.3569848 0.2927163 0.0000792 -0.0149232 0.0088734 0.0213088 0.9996222
1543543673.922490 0.3300451 0.2480287 -0.0335036 -0.0081095 -0.0524322 0.0046230 0.9985809
1543543675.800730 0.2827756 0.2748766 -0.0272019 -0.0037077 -0.0833508 -0.0124508 0.9964356
1543543676.292138 0.1694593 0.3115605 -0.0072993 -0.0042098 -0.0819147 -0.0159460 0.9965029
1543543676.784611 0.0207608 0.2956783 -0.0098578 -0.0013011 -0.0547492 -0.0126190 0.9984195
1543543677.229807 -0.0776136 0.2919202 -0.1097687 0.0026256 -0.1308774 -0.0269665 0.9910282
1543543678.370291 -0.6937724 0.4312332 -0.6462877 0.0090227 -0.6178126 -0.1365957 0.7743176
1543543678.975533 -0.9510167 0.5095761 -0.7235874 0.0057920 -0.6774223 -0.1378554 0.7225381
1543543679.243416 -1.1146667 0.5903647 -0.7283526 0.0042954 -0.7313410 -0.1473451 0.6658913
1543543679.551600 -1.2683232 0.7858045 -0.6073166 -0.0018579 -0.7155346 -0.1398913 0.6844248
1543543679.822104 -1.3679879 1.0658871 -0.4274299 -0.0023825 -0.7062413 -0.1326370 0.6954315
1543543680.033911 -1.4185336 1.2835962 -0.3669530 0.0036970 -0.7157461 -0.1341100 0.6853527
