1543778538.646404 0.0000000 0.0000000 0.0000000 0.0000000 0.0000000 0.0000000 1.0000000
1543778538.671041 -0.0190925 0.0020558 0.0057263 -0.0014142 0.0109856 0.0011008 0.9999381
1543778538.795831 -0.0571011 0.0061277 0.0295677 -0.0077999 0.0470982 0.0099288 0.9988105
1543778538.960847 -0.0818083 0.0052037 0.0498160 -0.0104644 0.0743669 0.0180537 0.9970126
1543778539.554010 -0.0970660 0.0022036 0.0480383 -0.0089106 0.0618379 0.0213628 0.9978178
1543778540.562201 0.2179367 -0.0870913 -0.1732959 0.0060491 -0.0854462 -0.0094057 0.9962800
1543778540.743507 0.2823734 -0.0819091 -0.1867050 0.0038435 -0.0781414 -0.0097402 0.9968873
1543778540.957761 0.3552519 -0.0763302 -0.1855668 0.0022792 -0.0484357 -0.0037949 0.9988165
1543778541.582528 0.5320573 -0.0335670 -0.1826524 -0.0007371 0.0720807 0.0191620 0.9972144
1543778541.834503 0.5819911 -0.0081560 -0.1849029 -0.0017529 0.1168556 0.0283715 0.9927420
1543778542.128114 0.5928485 0.0181782 -0.1706739 -0.0027452 0.1336763 0.0295250 0.9905813
1543778542.605366 0.6324660 0.0257091 -0.1738126 -0.0033330 0.1662281 0.0377792 0.9853578
1543778543.284854 0.5616024 0.0461468 -0.1525022 -0.0006971 0.1174856 0.0233899 0.9927989
1543778543.632824 0.5183438 0.0194911 -0.1497450 0.0003759 0.0724478 0.0157944 0.9972471
1543778543.949244 0.4748521 0.0081324 -0.1526597 0.0013065 0.0230841 0.0056206 0.9997169
1543778544.358315 0.4116800 -0.0090759 -0.1601490 0.0052304 -0.0339383 -0.0080605 0.9993777
1543778544.807929 0.3300030 -0.0371265 -0.1622138 0.0049151 -0.0991311 -0.0212514 0.9948353
1543778545.190050 0.2698350 -0.0424566 -0.1534322 0.0038060 -0.1569978 -0.0313321 0.9870945
1543778549.024381 0.0727463 0.0073099 -0.4820845 0.0085607 -0.5403310 -0.1102513 0.8341545
1543778549.534555 -0.0064423 0.0087958 -0.5046645 0.0077343 -0.5603151 -0.1151574 0.8201987
1543778556.881140 0.0529258 0.0099614 -0.6533099 0.0151957 -0.7001373 -0.1376431 0.7004508
1543778562.318807 0.0824654 0.1356169 -0.7912990 -0.0180553 0.8916560 0.1766047 -0.4164544
1543778563.979162 0.0670779 0.1797634 -0.8192291 -0.0200642 0.8926471 0.1813955 -0.4121580
1543778567.979701 -0.0157088 0.2697146 -0.2975590 0.0021539 -0.3012431 -0.0492488 0.9522723
1543778568.365115 0.0730038 0.2498118 -0.2504520 -0.0022711 -0.1967198 -0.0267370 0.9800925
1543778568.754903 0.2141826 0.2274424 -0.2120180 -0.0040854 -0.0771838 -0.0011399 0.9970078
1543778569.131768 0.3592308 0.2243992 -0.1810906 -0.0071975 0.0255860 0.0197446 0.9994517
1543778570.620911 0.2986838 0.2069416 -0.2075267 0.0003702 -0.0774896 -0.0199766 0.9967929
1543778571.551730 0.0451682 0.1916930 -0.1826116 -0.0020596 -0.2861081 -0.0567039 0.9565158
1543778573.420594 0.0632771 0.2347190 0.0364898 0.0033017 -0.1673874 -0.0197935 0.9856870
1543778575.410029 0.0096990 0.2371470 0.0491219 0.0030833 -0.2037720 -0.0390277 0.9782353
1543778575.914196 -0.2682768 0.2773944 -0.2410946 0.0142265 -0.4673069 -0.1035913 0.8778899
1543778592.801775 0.2060339 0.1652945 -0.0592955 0.0016385 -0.1189593 -0.0223869 0.9926454
1543778593.607612 -0.1913295 0.2492291 -0.6164074 0.0222847 -0.6442353 -0.1474885 0.7501409
1543778593.913633 -0.0715978 0.2858175 -0.9531970 0.0300199 -0.8215338 -0.1841371 0.5387713
1543778618.824124 0.0421267 0.1857986 -0.0950063 -0.0180946 -0.1907211 -0.0076327 0.9814478
1543778625.074736 0.1987777 0.2433619 -0.0195288 -0.0072931 -0.0826864 -0.0125488 0.9964699
1543778630.023547 0.2080137 0.2446805 -0.0082812 -0.0101796 -0.0753539 -0.0105909 0.9970486
1543778642.379217 0.1778214 0.1490098 -0.1006207 0.0050895 -0.0386993 -0.0069836 0.9992135
1543778645.155715 0.0484137 0.2687576 -1.1764315 -0.0170806 0.9181729 0.1876622 -0.3484963
1543778649.081141 -0.0122009 -0.1192549 -0.1157630 0.0105639 -0.3727932 -0.0697458 0.9252293
1543778649.941083 0.0508546 -0.2020068 -1.0935091 0.0259620 -0.8324674 -0.1743281 0.5252939
1543778652.719742 0.0090659 -0.3746633 -0.9524254 0.0082953 -0.6989338 -0.1277869 0.7036287
1543778653.034961 0.0464879 -0.4273387 -0.7581024 0.0051649 -0.5060749 -0.0835206 0.8584206
1543778656.621672 0.1872131 0.3038734 -1.2131561 -0.0387236 0.9368072 0.2004581 -0.2840941
1543778656.838753 0.1938139 0.3087378 -1.2408990 -0.0326386 0.9420201 0.2020788 -0.2658890
1543778657.337352 0.2142187 0.3427387 -1.2308556 -0.0248012 0.9400434 0.1926307 -0.2803509
1543778658.024997 -0.0270281 -0.2497848 -1.0093508 0.0106210 -0.7988117 -0.1548338 0.5812173
1543778658.309757 -0.0416610 -0.4349569 -0.8354969 0.0050288 -0.6727493 -0.1248970 0.7292351
1543778661.412061 0.0081983 0.6196964 -1.2687759 -0.0314588 0.9202032 0.2111144 -0.3281266
1543778661.614771 0.0738323 0.5541312 -1.1760451 -0.0231353 0.9453850 0.2009677 -0.2555855
1543778661.818798 0.0754824 0.4476685 -1.1223552 -0.0133761 0.9467857 0.2042750 -0.2483741
1543778662.017102 0.0699649 0.5154389 -1.1400521 -0.0178552 0.9418727 0.1920967 -0.2750560
1543778662.294111 0.0710099 0.5221214 -1.1306589 -0.0191356 0.9396822 0.1868848 -0.2858412
1543778662.572498 0.0688161 0.5440106 -1.1373625 -0.0196385 0.9396139 0.1830332 -0.2885114
1543778664.254186 0.3606643 0.2942289 -0.0002677 -0.0173855 0.0310379 0.0285970 0.9989578
1543778664.654907 0.3186818 0.2445140 -0.0326916 -0.0084624 -0.0335938 0.0102830 0.9993469
1543778666.560745 0.2872177 0.2603177 -0.0381322 -0.0026156 -0.0734296 -0.0103482 0.9972433
1543778667.123860 0.1832330 0.3095316 -0.0101605 -0.0014769 -0.0814454 -0.0161591 0.9965457
1543778667.633020 0.0497552 0.2976553 -0.0028654 -0.0014395 -0.0546534 -0.0113895 0.9984394
1543778668.135206 -0.0703508 0.2881505 -0.0981110 0.0027374 -0.1224449 -0.0231400 0.9922017
1543778670.083719 -1.0387113 0.5743523 -0.7434853 0.0096932 -0.7115049 -0.1489479 0.6866450
1543778670.350909 -1.2041183 0.6912215 -0.6875860 0.0066464 -0.7330237 -0.1508128 0.6632402
1543778670.619734 -1.3387511 0.9745417 -0.5073364 0.0046267 -0.6963627 -0.1379289 0.7042962
1543778671.238845 -1.4436727 1.3676400 -0.3556103 0.0150479 -0.7137308 -0.1435268 0.6853918
1543778672.198061 -1.4442106 1.3686063 -0.3559059 0.0164079 -0.7134498 -0.1432864 0.6857035
1543778674.509165 -1.4450538 1.3686913 -0.3556933 0.0155567 -0.7119850 -0.1440317 0.6870883
