1543791414.155343 0.0000000 0.0000000 0.0000000 0.0000000 0.0000000 0.0000000 1.0000000
1543791414.183064 -0.0115049 -0.0004704 0.0034976 -0.0000287 -0.0005390 -0.0002349 0.9999998
1543791414.269391 -0.0328841 -0.0021792 0.0081440 -0.0001589 -0.0052690 -0.0015614 0.9999849
1543791414.825484 -0.2162592 0.0302735 0.0551998 0.0001701 0.0253046 0.0039711 0.9996719
1543791414.972007 -0.2493297 0.0462227 0.0786100 -0.0000531 0.0622352 0.0124810 0.9979835
1543791415.246153 -0.2809020 0.0510222 0.1087060 -0.0034215 0.0991852 0.0246781 0.9947571
1543791415.429302 -0.2975380 0.0570568 0.1198994 -0.0047246 0.1038781 0.0279437 0.9941862
1543791415.609286 -0.2953205 0.0507351 0.1109339 -0.0037866 0.0899643 0.0252377 0.9956180
1543791417.603371 0.2177949 -0.0141230 -0.1087012 -0.0013585 0.0577107 0.0156221 0.9982102
1543791417.821529 0.2586417 0.0024946 -0.1149151 -0.0011730 0.0971865 0.0241923 0.9949715
1543791418.099704 0.2986578 0.0346210 -0.1102132 -0.0019509 0.1456318 0.0334881 0.9887700
1543791418.568653 0.3179655 0.0433305 -0.1085676 -0.0023502 0.1598216 0.0349890 0.9865228
1543791419.141220 0.3304263 0.0817110 -0.0914634 -0.0007125 0.1921993 0.0404497 0.9805217
1543791419.786149 0.2348336 0.0431939 -0.0855175 0.0002459 0.0875445 0.0174137 0.9960084
1543791420.105865 0.2000276 0.0335982 -0.0885845 0.0010789 0.0370982 0.0078004 0.9992806
1543791421.954024 -0.0265766 -0.0093608 -0.0228132 0.0055021 -0.2336428 -0.0485279 0.9710952
1543791425.081025 -0.1654057 0.0311316 -0.3411009 0.0072249 -0.5156237 -0.1083973 0.8498999
1543791432.266959 -0.2472282 -0.2102655 -0.5671012 0.0118046 -0.7594649 -0.1509716 0.6326779
1543791444.338934 -0.1961430 0.2563747 -0.1790002 0.0030959 -0.2237134 -0.0362439 0.9739760
1543791444.671600 -0.1148157 0.2365922 -0.1504986 -0.0010019 -0.1353326 -0.0156250 0.9906765
1543791445.043248 0.0018546 0.2201157 -0.1278842 -0.0027359 -0.0321849 0.0074704 0.9994503
1543791445.404476 0.1226241 0.2170831 -0.1109325 -0.0040471 0.0608545 0.0247739 0.9978309
1543791446.799285 0.0433610 0.2059431 -0.1311255 0.0018056 -0.0621342 -0.0181119 0.9979018
1543791462.469965 -0.0839200 0.1955085 0.0052359 0.0048400 -0.1572791 -0.0332136 0.9869837
1543791463.392149 -0.3681793 0.2406722 -0.3856291 0.0178564 -0.5923913 -0.1298866 0.7949108
1543791494.769502 -0.3118182 0.2054631 -0.0889615 -0.0171820 -0.3297086 -0.0404747 0.9430582
1543791496.891730 -0.4488323 0.0958558 -0.2455790 0.0089416 -0.4236906 -0.1007223 0.9001452
1543791504.895716 -0.3382032 -0.4380277 -0.6285468 0.0031004 -0.5431119 -0.0939608 0.8343807
1543791513.680326 -0.1092300 0.2590239 -0.0101896 -0.0034691 -0.0447217 -0.0033285 0.9989879
1543791516.253235 -0.1249212 0.3477380 -0.9245688 -0.0195362 0.9341239 0.1780174 -0.3087730
1543791517.526110 -0.3346158 0.1898828 -0.1498325 -0.0230029 -0.3293435 -0.0541297 0.9423766
1543791518.635051 -0.0534899 0.1558694 -0.0370620 0.0069419 -0.0248013 -0.0055449 0.9996529
1543791521.399059 -0.1605282 0.2113201 -0.9344881 -0.0158323 0.9114871 0.1868574 -0.3660942
1543791524.407010 -0.0050293 0.2187742 -0.0208024 0.0048361 0.0061760 0.0044297 0.9999594
1543791524.909689 -0.1467159 0.0814998 -0.0868122 0.0039633 -0.1342806 -0.0310441 0.9904490
1543791526.250268 -0.0761269 -0.0317736 -1.0148575 -0.0289772 0.9056435 0.2044306 -0.3703758
1543791526.423357 -0.0171778 0.0109832 -0.9459213 -0.0318817 0.9448480 0.2346615 -0.2262295
1543791526.524150 -0.0695079 0.1572883 -0.9655881 -0.0228888 0.9607467 0.2070359 -0.1832430
1543791526.660392 -0.0242827 0.2329626 -0.9744861 -0.0224446 0.9566197 0.1979985 -0.2125363
1543791529.332456 -0.1260035 -0.3698720 -0.5070978 -0.0011828 -0.3807378 -0.0584031 0.9228361
1543791531.294301 -0.2408543 0.3566741 -0.0765511 0.0015011 -0.2557003 -0.0591131 0.9649460
1543791532.017758 -0.4466007 0.3715210 -0.3890896 0.0171785 -0.6133876 -0.1357722 0.7778345
1543791532.538967 -0.2367441 0.3848862 -0.8445066 -0.0350818 0.8582403 0.1837126 -0.4779566
1543791533.465879 -0.0429317 0.3274516 -0.9929069 -0.0268614 0.9326421 0.1930052 -0.3036546
1543791533.911963 -0.1605803 0.0896051 -0.9366311 -0.0194517 0.8907396 0.1845595 -0.4149005
1543791534.154944 -0.2579011 -0.1504850 -0.7949467 0.0083689 -0.8039994 -0.1571549 0.5734258
1543791534.736770 -0.2389291 -0.3825956 -0.5560076 0.0042262 -0.5367538 -0.0994060 0.8378519
1543791535.001496 -0.1020792 -0.4064798 -0.3542537 -0.0033293 -0.3581542 -0.0549920 0.9320356
1543791537.028952 -0.3216529 0.3561695 -0.0791064 0.0050620 -0.3511028 -0.0811850 0.9327970
1543791537.571820 -0.2242880 0.5764234 -1.0182682 -0.0342360 0.9118589 0.2073787 -0.3526122
1543791537.764904 -0.1937135 0.3137553 -0.9768013 -0.0021409 0.9342696 0.2292349 -0.2731065
1543791537.946556 -0.1600330 0.4389861 -0.9182656 -0.0175891 0.9405004 0.2033997 -0.2716213
1543791538.145792 -0.1691333 0.4125270 -0.9289597 -0.0146608 0.9339206 0.2037831 -0.2933425
1543791538.413615 -0.1635976 0.5030451 -0.8974315 -0.0224173 0.9331757 0.1812942 -0.3095367
1543791538.679127 -0.1709227 0.4158674 -0.9381326 -0.0159366 0.9294620 0.2004117 -0.3093245
1543791541.222290 0.0611005 0.2346557 0.0071554 -0.0025764 -0.0436424 0.0021420 0.9990416
1543791542.493377 0.0494882 0.2450918 0.0056570 -0.0001153 -0.0498932 -0.0061416 0.9987357
1543791542.933775 0.0205862 0.2642614 0.0223156 -0.0006378 -0.0665125 -0.0101675 0.9977336
1543791543.382465 -0.0695095 0.2919656 0.0394922 -0.0010392 -0.0633893 -0.0140044 0.9978901
1543791543.814613 -0.1732082 0.2823013 0.0470082 0.0014814 -0.0374268 -0.0095032 0.9992531
1543791544.277659 -0.2707090 0.2777076 -0.0272469 0.0064668 -0.1046108 -0.0221484 0.9942455
1543791544.717573 -0.3527962 0.2661908 -0.0864336 0.0083860 -0.1722289 -0.0397269 0.9842198
1543791545.115614 -0.6567086 0.3486276 -0.2559525 0.0097863 -0.4634332 -0.1114353 0.8790427
1543791545.662959 -0.8364758 0.4035144 -0.4519689 0.0085033 -0.6210256 -0.1370033 0.7716767
1543791545.917960 -0.9422327 0.4307498 -0.4841950 0.0084618 -0.6497142 -0.1391398 0.7472884
1543791546.366398 -1.1601102 0.5317068 -0.4966136 0.0064381 -0.7229519 -0.1512916 0.6740993
1543791546.663869 -1.2766936 0.7209302 -0.3802046 0.0019662 -0.6965284 -0.1399662 0.7037427
1543791546.863553 -1.3372139 0.8971896 -0.2831032 0.0021244 -0.6848226 -0.1360477 0.7158942
1543791547.059354 -1.3873670 1.0395795 -0.2165395 0.0045631 -0.7003690 -0.1390130 0.7000985
