1543777570.978889 0.0000000 0.0000000 0.0000000 0.0000000 0.0000000 0.0000000 1.0000000
1543777571.072809 -0.0103023 -0.0003795 -0.0034592 0.0012827 -0.0193470 -0.0051737 0.9997986
1543777571.168761 -0.0233187 -0.0015310 -0.0098183 0.0040071 -0.0583099 -0.0136462 0.9981972
1543777573.610418 0.0545515 -0.0714388 0.0984831 -0.0046644 0.0815162 0.0181832 0.9964952
1543777574.644807 -0.2095046 -0.0261305 0.2504117 -0.0032342 0.1757642 0.0371869 0.9837244
1543777574.830511 -0.2223188 -0.0196619 0.2691508 -0.0044109 0.1882083 0.0426779 0.9811915
1543777575.092010 -0.2305840 -0.0182714 0.2714620 -0.0045693 0.1778428 0.0426572 0.9831233
1543777577.200013 0.2511642 -0.0661474 -0.0393730 -0.0038025 0.1570239 0.0352594 0.9869578
1543777577.851647 0.3171834 -0.0182334 -0.0472779 -0.0055275 0.2269935 0.0486502 0.9726647
1543777578.160233 0.3369567 -0.0122976 -0.0518910 -0.0050511 0.2480720 0.0523353 0.9673137
1543777578.439724 0.3636703 0.0048997 -0.0537467 -0.0059189 0.2816460 0.0606335 0.9575824
1543777579.523647 0.2288105 -0.0251704 -0.0138171 -0.0027553 0.1353133 0.0267376 0.9904382
1543777579.874475 0.1919929 -0.0401043 -0.0088504 -0.0016444 0.0903088 0.0174326 0.9957598
1543777580.660960 0.0681588 -0.0767647 0.0107237 0.0005654 -0.0259492 -0.0078054 0.9996327
1543777581.062077 0.0428493 -0.0794444 0.0269455 -0.0003778 -0.0670447 -0.0142603 0.9976480
1543777583.873682 -0.2246970 -0.0660296 -0.0485182 0.0092654 -0.3624765 -0.0723621 0.9291333
1543777584.814466 -0.1963544 -0.0469651 -0.1929795 0.0046063 -0.4568901 -0.0939286 0.8845381
1543777586.682583 -0.2814519 -0.0714708 -0.2966084 0.0116286 -0.5431274 -0.1075579 0.8326516
1543777591.490234 -0.3169562 -0.3979095 -0.4626563 0.0105218 -0.6862888 -0.1356086 0.7144979
1543777591.815683 -0.3081442 -0.2935105 -0.4176953 0.0127612 -0.7000102 -0.1386224 0.7004333
1543777598.934135 -0.2723774 0.0829490 -0.4473245 0.0179841 -0.8003677 -0.1605152 0.5773413
1543777603.664080 -0.2259752 0.1812899 -0.0417994 0.0030446 -0.2006937 -0.0298314 0.9791950
1543777604.046306 -0.1555734 0.1691723 -0.0241413 -0.0004993 -0.1021987 -0.0096452 0.9947171
1543777604.408395 -0.0302371 0.1541066 -0.0150836 -0.0026449 0.0157371 0.0166392 0.9997342
1543777604.793895 0.0974588 0.1561993 -0.0143254 -0.0058232 0.1172354 0.0379374 0.9923622
1543777605.162832 0.1920582 0.1402337 -0.0394656 -0.0041596 0.1773870 0.0466106 0.9830280
1543777606.103845 0.1386952 0.1419562 -0.0316776 -0.0008831 0.1359875 0.0249649 0.9903955
1543777606.667021 -0.0643140 0.1328956 -0.0328962 -0.0001217 -0.1199252 -0.0307992 0.9923050
1543777609.305395 -0.1138091 0.1642349 0.2141096 0.0037443 -0.0982891 -0.0119384 0.9950793
1543777617.920208 -0.3619258 0.3240391 -0.6408312 -0.0219479 0.8537698 0.1691462 -0.4919198
1543777625.938968 -0.3819897 0.1037886 -0.1346108 -0.0094754 -0.4932183 -0.0809821 0.8660761
1543777654.280557 -0.3151667 0.1239781 0.0482668 -0.0181271 -0.2782486 -0.0255179 0.9599990
1543777672.555282 -0.0866272 0.1569721 0.0914953 -0.0050799 0.0268151 0.0146631 0.9995199
1543777673.165962 -0.0733465 0.1815971 0.1105159 -0.0044633 0.0427750 0.0165947 0.9989370
1543777677.710240 -0.0137578 0.0815315 0.0676396 0.0056579 0.0782121 0.0177212 0.9967632
1543777679.302911 -0.3591704 -0.2913311 -0.2318598 0.0124023 -0.1383559 -0.0360921 0.9896470
1543777681.184858 -0.3133376 0.1243260 -0.7326709 -0.0150101 0.8590320 0.1743633 -0.4810781
1543777685.202346 -0.3769257 -0.2309380 -0.2149438 0.0108101 -0.3722597 -0.0821876 0.9244193
1543777685.910788 -0.1778171 -0.0037409 -0.8688728 -0.0289782 0.9127097 0.2124410 -0.3478364
1543777687.235630 -0.1755818 0.1920402 -0.8543878 -0.0207877 0.9080341 0.1815008 -0.3769607
1543777690.200646 0.0390954 0.2148242 0.0616361 -0.0020535 0.0157010 0.0096297 0.9998283
1543777692.129042 -0.3128682 0.2878326 -0.7669097 -0.0395800 0.8492965 0.1910511 -0.4905388
1543777692.368362 -0.2233612 0.2188895 -0.8292061 -0.0391609 0.9014176 0.1960816 -0.3840115
1543777692.637271 -0.2195575 0.2678909 -0.8637615 -0.0338504 0.9029210 0.1891422 -0.3844646
1543777692.910039 -0.2123893 0.2666659 -0.8513455 -0.0298867 0.9016905 0.1872005 -0.3886090
1543777693.433022 -0.2172294 0.2204904 -0.8089638 0.0182458 -0.8451569 -0.1187786 0.5208344
1543777693.636974 -0.3397250 -0.1677389 -0.6401822 0.0121044 -0.7647911 -0.1450741 0.6276158
1543777694.238525 -0.2743574 -0.4572497 -0.3589793 0.0021927 -0.4643560 -0.0805361 0.8819765
1543777694.555682 -0.2008858 -0.5029239 -0.1839750 -0.0149594 -0.2398232 -0.0246399 0.9703885
1543777695.942042 0.0226506 0.2265892 0.1298789 0.0006780 -0.0329443 0.0051036 0.9994439
1543777697.563632 -0.3223993 0.4314913 -0.7565750 -0.0242753 0.9110578 0.1850349 -0.3676228
1543777697.831395 -0.3213454 0.4341207 -0.7462559 -0.0240346 0.9016612 0.1762559 -0.3941616
1543777698.033679 -0.3229149 0.3983653 -0.7649344 -0.0221437 0.8992090 0.1844258 -0.3961312
1543777698.280329 -0.3238846 0.4608047 -0.7496722 -0.0264068 0.8998772 0.1688200 -0.4012774
1543777702.294328 0.0669872 0.1884488 0.1177157 -0.0014591 0.0269423 0.0091352 0.9995942
1543777702.844919 -0.0200185 0.2253709 0.1561182 -0.0006963 0.0198743 0.0032879 0.9997969
1543777703.366622 -0.1394568 0.2057391 0.1847421 -0.0001042 0.0498227 0.0088325 0.9987190
1543777703.899726 -0.2426113 0.1891319 0.1117610 0.0030024 -0.0365235 -0.0074960 0.9993002
1543777704.399865 -0.4957908 0.1948657 0.0321698 0.0044419 -0.2123186 -0.0524529 0.9757816
1543777705.389903 -0.9642306 0.3262905 -0.1992336 0.0077803 -0.5756503 -0.1219241 0.8085176
1543777705.687072 -1.0895247 0.3709443 -0.2140213 0.0085614 -0.6141472 -0.1270195 0.7788555
1543777705.920340 -1.2077101 0.4342706 -0.1741682 0.0078261 -0.6600066 -0.1360777 0.7387915
1543777710.287280 -1.3950342 0.9848804 0.1778171 0.0104816 -0.6396137 -0.1264433 0.7581534
1543777711.720461 -1.3950523 0.9843750 0.1784209 0.0099122 -0.6396466 -0.1259909 0.7582086
1543777711.856391 -1.3955350 0.9845576 0.1791283 0.0100691 -0.6398785 -0.1259027 0.7580255
