1543787588.437995 0.0000000 0.0000000 0.0000000 0.0000000 0.0000000 0.0000000 1.0000000
1543787588.530956 -0.0366146 0.0022217 0.0028747 0.0010193 -0.0026705 -0.0008198 0.9999956
1543787588.793405 -0.1270700 0.0245963 0.0407353 -0.0003618 0.0467339 0.0097901 0.9988593
1543787589.051700 -0.1662228 0.0317029 0.0739676 -0.0032653 0.0932873 0.0242018 0.9953397
1543787589.471723 -0.1903991 0.0418593 0.0887528 -0.0033444 0.0913708 0.0266696 0.9954541
1543787589.618827 -0.1765204 0.0266863 0.0700947 -0.0017993 0.0763003 0.0252888 0.9967625
1543787590.768593 0.1415786 -0.0633472 -0.1439818 0.0034090 -0.0685070 -0.0066000 0.9976230
1543787591.263947 0.2811736 -0.0474445 -0.1446054 -0.0001786 0.0039484 0.0067431 0.9999694
1543787591.537837 0.3493699 -0.0295462 -0.1420680 -0.0031604 0.0625704 0.0182189 0.9978693
1543787591.785262 0.3973750 -0.0134128 -0.1497699 -0.0041661 0.1024258 0.0266854 0.9943739
1543787592.040169 0.4294393 0.0201495 -0.1396852 -0.0044487 0.1417154 0.0346468 0.9892910
1543787592.901141 0.4898223 0.0532311 -0.1341116 -0.0044962 0.2037266 0.0484821 0.9778163
1543787593.506287 0.3797616 0.0368804 -0.1177618 -0.0014662 0.1111952 0.0229189 0.9935332
1543787593.907092 0.3304845 0.0204443 -0.1189738 -0.0004133 0.0492009 0.0110729 0.9987274
1543787594.293345 0.2879232 0.0069888 -0.1212977 0.0019526 -0.0020690 0.0005478 0.9999958
1543787595.636116 0.1218912 -0.0320746 -0.0771677 0.0001817 -0.1954175 -0.0355667 0.9800750
1543787598.712306 -0.0684556 0.0171211 -0.3448944 0.0100611 -0.4940077 -0.1022962 0.8633600
1543787598.943386 -0.0606021 0.0176873 -0.3723750 0.0082418 -0.5120885 -0.1069554 0.8522077
1543787599.749688 -0.1384166 0.0068158 -0.4213843 0.0090810 -0.5523229 -0.1145075 0.8256785
1543787605.657315 -0.1640895 -0.4065324 -0.7318455 0.0120195 -0.7280518 -0.1477009 0.6693135
1543787613.938897 -0.0789041 0.1887893 -0.6668844 -0.0225291 0.8793225 0.1785968 -0.4408941
1543787618.435583 -0.0438031 0.2356601 -0.1952145 0.0009498 -0.1795691 -0.0245149 0.9834394
1543787618.913700 0.1071463 0.2113416 -0.1626018 -0.0026028 -0.0432338 0.0061888 0.9990424
1543787619.344220 0.2550182 0.2058781 -0.1428293 -0.0036627 0.0632068 0.0268854 0.9976315
1543787619.932916 0.3380525 0.1920187 -0.1617822 -0.0009508 0.1278044 0.0334422 0.9912350
1543787620.663367 0.1723228 0.1973606 -0.1601741 0.0021409 -0.0468358 -0.0134464 0.9988098
1543787621.193365 -0.0212544 0.1996813 -0.2100804 0.0037789 -0.2896645 -0.0653607 0.9548865
1543787633.831120 -0.2741709 0.2600782 -0.2990997 0.0032580 -0.5319721 -0.0946622 0.8414477
1543787672.980745 -0.1758507 -0.4850134 -0.5643953 -0.0011900 -0.5878122 -0.1084255 0.8016978
1543787686.840977 -0.0110312 0.2257542 -0.0624618 -0.0037932 -0.0637372 -0.0028899 0.9979553
1543787687.472696 0.0108003 0.2248725 -0.0661359 -0.0032116 -0.0463554 -0.0005740 0.9989197
1543787687.993745 -0.1589305 0.2386339 -0.1546297 -0.0005050 -0.2661162 -0.0489969 0.9626948
1543787690.787996 -0.1957898 0.3227370 -0.9320838 -0.0120850 0.8921441 0.1832231 -0.4127495
1543787700.255145 0.0588459 0.0517739 -1.1208463 -0.0290729 0.9301463 0.2129293 -0.2977309
1543787700.488574 0.0419478 0.1923051 -1.0160631 -0.0242504 0.9582136 0.2077741 -0.1951115
1543787700.814853 0.0685526 0.2545932 -1.0719210 -0.0188876 0.9449745 0.1962144 -0.2610869
1543787702.800392 -0.1471195 -0.3039549 -0.7930186 0.0084126 -0.6834795 -0.1302516 0.7182057
1543787705.222648 -0.1473490 0.3419345 -0.1060634 0.0013988 -0.2729473 -0.0620528 0.9600246
1543787705.681480 -0.2975308 0.3509068 -0.2741002 0.0112830 -0.4912366 -0.1071120 0.8643416
1543787706.029680 -0.3312775 0.3747241 -0.4970045 0.0225218 -0.6636569 -0.1453595 0.7334323
1543787706.694293 0.0175643 0.2857772 -1.0285771 -0.0415427 0.9284300 0.2060632 -0.3063165
1543787706.935230 0.0232534 0.3008994 -1.0484841 -0.0350180 0.9335678 0.2057905 -0.2913335
1543787707.202007 0.0409421 0.3319071 -1.0392481 -0.0321689 0.9321507 0.1954773 -0.3030656
1543787707.480736 0.0462499 0.3427188 -1.0424274 -0.0282121 0.9321038 0.1927762 -0.3053261
1543787707.723961 0.0017382 0.2733383 -0.9716452 -0.0283825 0.9196368 0.1773350 -0.3493061
1543787708.017385 -0.1462480 -0.1173545 -0.8678445 0.0136073 -0.8154313 -0.1611323 0.5558084
1543787708.353580 -0.1810825 -0.3459379 -0.6866434 0.0045429 -0.6575397 -0.1246888 0.7430165
1543787708.713151 -0.1017314 -0.4266216 -0.5040022 0.0021414 -0.4868837 -0.0856985 0.8692499
1543787709.029477 0.1831365 -0.3622391 -0.2230679 0.0074205 -0.2519373 -0.0204943 0.9674981
1543787710.262974 0.1049275 0.2868020 -0.0079969 0.0010926 -0.1196025 -0.0102550 0.9927683
1543787712.011854 -0.0781163 0.4993691 -0.9683244 -0.0226330 0.9365917 0.1913148 -0.2927156
1543787712.245993 -0.0857063 0.5077607 -0.9626572 -0.0249723 0.9315364 0.1865350 -0.3111608
1543787712.534605 -0.0802251 0.4949092 -0.9861981 -0.0232870 0.9306008 0.1892593 -0.3124434
1543787714.421385 0.2088363 0.2741285 0.0141309 -0.0120746 0.0320378 0.0279957 0.9990215
1543787714.914814 0.1795224 0.2319171 -0.0161121 -0.0043235 -0.0356083 0.0082355 0.9993225
1543787716.054137 0.1685941 0.2294689 -0.0265963 0.0001778 -0.0531794 -0.0040315 0.9985768
1543787716.600987 0.1567797 0.2435492 -0.0181047 0.0003465 -0.0583217 -0.0061016 0.9982792
1543787717.150803 0.0718512 0.2829602 0.0121482 0.0005044 -0.0653265 -0.0112071 0.9978009
1543787717.670115 -0.0458091 0.2780016 0.0241169 0.0021060 -0.0387619 -0.0079930 0.9992143
1543787718.211230 -0.1662251 0.2691626 -0.0590323 0.0067869 -0.1043120 -0.0219659 0.9942788
1543787719.844000 -0.8751564 0.4433815 -0.5338228 0.0117192 -0.6523757 -0.1382651 0.7450848
1543787720.189623 -1.0186931 0.5119502 -0.5594218 0.0111084 -0.7065289 -0.1476054 0.6920304
1543787720.518330 -1.1785537 0.6741040 -0.4486655 0.0065172 -0.7121248 -0.1434429 0.6872117
1543787720.790532 -1.2570590 0.9198692 -0.3166702 0.0066065 -0.6836065 -0.1348307 0.7172581
1543787721.045760 -1.3070507 1.1118908 -0.2139330 0.0120214 -0.7034136 -0.1385580 0.6970412
