1543539373.226947 0.0000000 0.0000000 0.0000000 0.0000000 0.0000000 0.0000000 1.0000000
1543539373.313489 -0.0224864 -0.0008305 0.0005250 -0.0005031 -0.0071070 -0.0017746 0.9999731
1543539373.714691 -0.1537655 0.0278729 0.0498006 -0.0019897 0.0580049 0.0118354 0.9982442
1543539373.860834 -0.1734955 0.0285129 0.0690613 -0.0036827 0.0849464 0.0203089 0.9961717
1543539374.146815 -0.1987183 0.0434933 0.0910079 -0.0034555 0.1004314 0.0275769 0.9945557
1543539374.291355 -0.2008661 0.0446118 0.0893039 -0.0035546 0.0903479 0.0258453 0.9955685
1543539374.434683 -0.1859749 0.0252884 0.0679730 -0.0024832 0.0722075 0.0235801 0.9971077
1543539375.764016 0.1256026 -0.0600349 -0.1394478 0.0044637 -0.0719704 -0.0082181 0.9973629
1543539376.224109 0.2713593 -0.0478512 -0.1374082 -0.0009638 0.0068402 0.0062196 0.9999568
1543539376.846145 0.3859911 -0.0088714 -0.1440114 -0.0039730 0.1101281 0.0271454 0.9935387
1543539377.153273 0.4076796 0.0195931 -0.1338388 -0.0052212 0.1409794 0.0305948 0.9895259
1543539377.626517 0.4436646 0.0326900 -0.1333098 -0.0050529 0.1773082 0.0400591 0.9833267
1543539378.157576 0.3853457 0.0466394 -0.1157705 -0.0036860 0.1298696 0.0261033 0.9911806
1543539378.446243 0.3460319 0.0227701 -0.1111046 -0.0037926 0.0933014 0.0184416 0.9954599
1543539379.081564 0.2739049 0.0031523 -0.1149738 0.0000300 -0.0001286 0.0001849 0.9999999
1543539379.389725 0.2526904 -0.0027640 -0.1194430 0.0010921 -0.0192049 -0.0047341 0.9998038
1543539379.817292 0.1594115 -0.0302651 -0.1193357 0.0019615 -0.1048469 -0.0224050 0.9942340
1543539380.194008 0.1188804 -0.0317977 -0.1084194 0.0009644 -0.1578247 -0.0313847 0.9869678
1543539380.593627 0.0958553 -0.0287517 -0.0538412 0.0028823 -0.2192870 -0.0414359 0.9747759
1543539383.434105 -0.0789708 0.0095414 -0.3173913 0.0087454 -0.4733749 -0.0969389 0.8754671
1543539390.982480 -0.1636100 -0.2387057 -0.6073730 0.0117162 -0.7621651 -0.1493828 0.6298031
1543539399.419081 -0.1580185 0.2016846 -0.6878694 -0.0162911 0.8773638 0.1801891 -0.4444089
1543539399.555718 -0.1670570 0.2162091 -0.6955014 -0.0167772 0.8773393 0.1801629 -0.4444498
1543539403.049707 -0.1009564 0.2379320 -0.2157209 0.0006907 -0.2366636 -0.0379864 0.9708486
1543539403.402909 -0.0223154 0.2194590 -0.1828376 -0.0032056 -0.1537152 -0.0186384 0.9879342
1543539403.910680 0.0941081 0.2020063 -0.1571768 -0.0045633 -0.0469257 0.0041448 0.9988794
1543539404.308397 0.2644721 0.1873385 -0.1438756 -0.0044241 0.0760172 0.0275363 0.9967164
1543539406.041746 -0.0280068 0.1892153 -0.2046721 0.0011989 -0.2952728 -0.0657085 0.9531500
1543539409.878233 -0.0527766 0.2203942 0.0804225 0.0004630 -0.1674259 -0.0301973 0.9854220
1543539428.204750 -0.2022611 0.1679064 -0.2244868 0.0092389 -0.3819641 -0.0893147 0.9198049
1543539431.592815 -0.0437577 0.1423433 -0.0711147 -0.0189967 -0.2570769 -0.0259666 0.9658552
1543539459.523129 0.0620523 0.1622638 -0.0680778 -0.0051023 -0.0819392 -0.0171873 0.9964761
1543539463.823445 -0.2223586 -0.3006757 -0.4161807 -0.0009018 -0.4301624 -0.0663912 0.9003065
1543539465.161579 0.0257422 0.2523636 0.0448341 -0.0062582 -0.0846949 -0.0182362 0.9962204
1543539476.997458 0.0537849 0.1347221 -0.0761639 0.0065619 -0.0148337 -0.0018795 0.9998667
1543539482.818025 0.1180401 0.2225378 -0.0295807 0.0020506 0.0453449 0.0100832 0.9989184
1543539484.707677 -0.1794262 -0.2092375 -0.7896693 0.0196382 -0.7571789 -0.1586309 0.6333488
1543539485.162908 0.0678659 0.0583827 -1.0813663 -0.0278301 0.9443074 0.2169047 -0.2458890
1543539485.427290 0.0426058 0.2025584 -1.0049109 -0.0213615 0.9559598 0.1993622 -0.2143345
1543539485.560071 0.0187342 0.1633380 -1.0496633 -0.0118156 0.9490820 0.2102373 -0.2343160
1543539486.123358 0.0476477 0.1995005 -1.0212264 -0.0164156 0.9370946 0.1907170 -0.2919095
1543539486.512493 0.0493180 0.1997919 -1.0267657 -0.0167409 0.9372979 0.1924195 -0.2901156
1543539487.294274 -0.1147125 -0.0270149 -0.9607002 -0.0110112 0.8688270 0.1782925 -0.4617684
1543539487.528595 -0.1533388 -0.2567725 -0.8141514 0.0070354 -0.7424087 -0.1417979 0.6547315
1543539487.830975 -0.1316374 -0.3560110 -0.6326916 0.0009289 -0.5656580 -0.0997265 0.8185871
1543539488.117193 -0.0407434 -0.3835633 -0.5284839 -0.0013202 -0.3853263 -0.0592392 0.9208760
1543539489.304558 0.1420319 0.2443441 -0.0766065 -0.0026479 -0.0570620 -0.0024614 0.9983641
1543539490.210054 -0.2172308 0.3356429 -0.1604764 0.0022596 -0.3513748 -0.0779866 0.9329785
1543539490.607955 -0.3238919 0.3370644 -0.3135830 0.0100020 -0.5420891 -0.1161116 0.8322004
1543539490.888546 -0.3543113 0.3570301 -0.4973224 0.0187955 -0.6677263 -0.1434132 0.7302198
1543539491.127162 -0.2734877 0.3384176 -0.7186559 0.0274905 -0.7916073 -0.1728904 0.5854153
1543539491.447801 -0.0057252 0.2947387 -0.9966063 -0.0411990 0.9238199 0.1979477 -0.3250787
1543539491.919934 0.0203625 0.2716313 -1.0174651 -0.0309498 0.9351071 0.1997879 -0.2910355
1543539492.480493 0.0245239 0.2871583 -1.0159234 -0.0249804 0.9333163 0.1952956 -0.3002604
1543539492.732856 -0.1231428 -0.0116758 -0.9443290 -0.0166148 0.8712720 0.1798958 -0.4563405
1543539493.512944 -0.1271250 -0.4223668 -0.5437616 0.0004677 -0.5285100 -0.0950294 0.8435913
1543539493.717308 -0.0441180 -0.4281488 -0.3824050 -0.0028501 -0.3947743 -0.0638148 0.9165549
1543539497.355429 -0.0831524 0.4466446 -0.9536902 -0.0198465 0.9332964 0.1865120 -0.3062305
1543539497.564517 -0.1058236 0.4261492 -0.9569243 -0.0195055 0.9266231 0.1880913 -0.3249782
1543539499.643089 0.1650099 0.2207052 -0.0114103 -0.0065963 -0.0295681 0.0089217 0.9995012
1543539501.660525 0.1207210 0.2470767 -0.0032458 -0.0022181 -0.0711048 -0.0111436 0.9974042
1543539502.190696 0.0229033 0.2729904 0.0197306 -0.0023368 -0.0592211 -0.0126166 0.9981624
1543539502.705984 -0.1041262 0.2518182 0.0036290 -0.0003721 -0.0419290 -0.0101945 0.9990685
1543539503.192883 -0.1753251 0.2462170 -0.0884452 0.0038620 -0.1242079 -0.0247426 0.9919401
1543539504.705616 -0.8799989 0.4207245 -0.5397323 0.0072281 -0.6601565 -0.1377919 0.7383457
1543539504.992393 -0.9927672 0.4784499 -0.5458548 0.0068711 -0.7047340 -0.1435874 0.6947557
1543539505.260374 -1.1277703 0.5698844 -0.5056018 0.0037357 -0.7256210 -0.1467345 0.6722568
1543539505.744366 -1.2907434 0.9750506 -0.2708972 0.0036395 -0.7061536 -0.1343049 0.6951950
1543539506.137306 -1.3108995 1.1364074 -0.2191582 0.0127290 -0.7084505 -0.1350734 0.6925973
1543539507.281845 -1.3135338 1.1376126 -0.2176123 0.0141209 -0.7087431 -0.1343071 0.6924199
1543539511.325007 -1.3138728 1.1379113 -0.2176066 0.0127377 -0.7069177 -0.1340572 0.6943585
