1543779786.384661 0.0000000 0.0000000 0.0000000 0.0000000 0.0000000 0.0000000 1.0000000
1543779786.409699 0.0126715 0.0006985 -0.0005663 -0.0001805 0.0034474 0.0011011 0.9999934
1543779786.698647 0.0873681 0.0108904 -0.0089413 -0.0013791 0.0528889 0.0096366 0.9985530
1543779787.196123 0.1872615 0.0371108 -0.0248725 -0.0049308 0.1433556 0.0292076 0.9892279
1543779787.769764 0.2328793 0.0779726 -0.0228126 -0.0052171 0.1968677 0.0373301 0.9797052
1543779788.269104 0.2762462 0.0940280 -0.0297105 -0.0056601 0.2416758 0.0498646 0.9690585
1543779788.486763 0.2769297 0.1100887 -0.0129148 -0.0049464 0.2583581 0.0522004 0.9646252
1543779788.672723 0.2352948 0.1107750 -0.0091258 -0.0033455 0.2058024 0.0371175 0.9778837
1543779789.141323 0.1771960 0.0784395 0.0029210 -0.0038147 0.1440862 0.0249114 0.9892442
1543779789.352619 0.1527931 0.0721811 0.0058607 -0.0035704 0.1130723 0.0185728 0.9934067
1543779789.644861 0.1235432 0.0646965 0.0077764 -0.0014784 0.0739130 0.0103728 0.9972097
1543779790.702156 -0.0174762 0.0270218 0.0259715 -0.0006310 -0.0789291 -0.0208644 0.9966617
1543779790.952521 -0.0335867 0.0248797 0.0440218 -0.0017831 -0.1142326 -0.0260450 0.9931110
1543779791.281094 -0.0504061 0.0255838 0.0838061 -0.0009286 -0.1667484 -0.0358786 0.9853460
1543779791.517777 -0.1129054 0.0202311 0.0993871 0.0008043 -0.2051366 -0.0499952 0.9774553
1543779791.706257 -0.1996258 0.0141212 0.1211264 0.0003291 -0.2246783 -0.0580406 0.9727029
1543779791.871661 -0.2854865 0.0131059 0.1446849 -0.0018445 -0.2401997 -0.0629272 0.9686800
1543779793.610657 -0.3118041 0.0330572 -0.0313921 0.0055240 -0.3865103 -0.0841926 0.9184176
1543779794.131300 -0.2379254 0.0582724 -0.1393112 0.0039143 -0.4234264 -0.0915987 0.9012793
1543779795.608513 -0.3250044 0.0282287 -0.2325298 0.0038117 -0.5279028 -0.1099513 0.8421490
1543779799.857868 -0.3205649 -0.4316733 -0.5080296 0.0077711 -0.6010444 -0.1222464 0.7897728
1543779804.944960 -0.2849601 0.1539554 -0.4168898 -0.0149814 0.8626475 0.1729794 -0.4750715
1543779809.512655 -0.2987621 0.2059523 -0.4270408 -0.0147243 0.8585028 0.1742547 -0.4820699
1543779813.920107 -0.2002195 0.2639745 -0.0239648 -0.0002348 -0.1241941 -0.0190329 0.9920754
1543779814.243567 -0.1126594 0.2471246 -0.0105160 -0.0026226 -0.0313173 0.0028865 0.9995019
1543779814.939988 0.0914873 0.2329427 -0.0133105 -0.0033979 0.1305533 0.0338672 0.9908569
1543779816.198251 -0.0132534 0.2313378 -0.0126318 0.0007579 -0.0082649 -0.0113350 0.9999013
1543779829.351848 -0.4074429 0.2652191 -0.0742207 -0.0033314 -0.4743530 -0.0849381 0.8762212
1543779864.655996 -0.1543878 0.2118220 0.1164083 -0.0107096 -0.0474194 0.0128842 0.9987345
1543779874.395077 -0.3888484 -0.3357777 -0.3100227 -0.0048844 -0.4550178 -0.0763299 0.8871915
1543779875.030996 -0.1176804 0.2627016 0.1459542 -0.0122563 -0.0596952 0.0063127 0.9981214
1543779875.752146 -0.0711480 0.2751919 0.1685231 -0.0079068 -0.0149127 -0.0042221 0.9998486
1543779883.091864 -0.1412534 0.2777889 0.1122232 -0.0041795 0.0086160 0.0046708 0.9999433
1543779883.499970 -0.3927406 0.2810741 0.0444119 0.0034961 -0.1709525 -0.0465236 0.9841741
1543779884.352224 -0.2869224 0.2666828 -0.6973316 -0.0251315 0.9434192 0.2011415 -0.2624322
1543779884.460195 -0.2836324 0.2490447 -0.7011876 -0.0168513 0.9496645 0.2067775 -0.2347262
1543779887.573463 -0.0813185 0.1788168 0.0682209 0.0064372 0.0455335 0.0069846 0.9989176
1543779888.083274 -0.0915131 0.1806351 0.0801834 0.0044084 0.0285518 0.0009565 0.9995821
1543779889.037442 -0.3877456 -0.0805879 -0.1730380 0.0370100 -0.1251419 -0.0549625 0.9899237
1543779889.379942 -0.5736200 0.0272299 -0.3915233 0.0100983 -0.5346304 -0.1327925 0.8345265
1543779893.332089 0.0021372 0.2585917 0.1046100 0.0005803 0.1345121 0.0286915 0.9904963
1543779895.221123 -0.4313799 -0.1279879 -0.4376568 0.0140947 -0.6094625 -0.1314547 0.7817138
1543779895.782186 -0.2616585 0.0579091 -0.8139658 -0.0196110 0.9193827 0.2293861 -0.3189559
1543779896.091070 -0.2870001 0.3572215 -0.6516740 -0.0426876 0.9537579 0.1629083 -0.2489667
1543779896.220771 -0.2791573 0.1877901 -0.7237579 -0.0089547 0.9368397 0.2130774 -0.2772170
1543779896.690258 -0.2592741 0.3025154 -0.6139515 -0.0261513 0.9345367 0.1670144 -0.3131510
1543779896.848988 -0.2748304 0.1849813 -0.6953701 -0.0095470 0.9235626 0.2032167 -0.3250292
1543779897.083637 -0.2724673 0.1994590 -0.6860679 -0.0120479 0.9262128 0.2010962 -0.3186611
1543779897.285496 -0.2745932 0.1861270 -0.6952618 -0.0098394 0.9249201 0.2063055 -0.3191614
1543779897.721462 -0.3089802 0.1981075 -0.7110383 0.0009673 0.8614942 0.1372524 -0.4888646
1543779897.994340 -0.2860212 0.1686238 -0.6917964 -0.0201146 -0.7453984 -0.0763509 0.6619269
1543779902.403809 -0.2708429 0.2646713 -0.7204863 -0.0279239 0.9191247 0.2096818 -0.3323605
1543779902.801126 -0.2651521 0.2687404 -0.7236238 -0.0219394 0.9149399 0.2066880 -0.3459534
1543779903.037701 -0.2659643 0.2754915 -0.7148501 -0.0193185 0.9151946 0.2029066 -0.3476703
1543779903.277180 -0.2794182 0.2488471 -0.6939887 -0.0132034 0.8771957 0.1500639 -0.4558884
1543779903.517906 -0.2490413 0.2286711 -0.6626903 -0.0214994 -0.7605182 -0.0625463 0.6459395
1543779908.049157 -0.3428752 0.3964330 -0.6432199 -0.0118148 0.9152086 0.1943496 -0.3528199
1543779910.644379 0.0171190 0.2561823 0.1107455 -0.0031242 0.0078581 0.0089059 0.9999246
1543779912.595109 -0.0604307 0.3026109 0.1476252 -0.0011123 -0.0090348 -0.0044356 0.9999487
1543779913.519825 -0.2519805 0.2762256 0.1396415 0.0033841 0.0071666 -0.0014855 0.9999675
1543779913.983474 -0.3106847 0.2791355 0.0780220 0.0053869 -0.0627325 -0.0176483 0.9978598
1543779914.719479 -0.7499428 0.3655224 -0.1638900 0.0056483 -0.5124916 -0.1242489 0.8496368
1543779914.985439 -0.8312975 0.3817441 -0.2018352 0.0018843 -0.5764223 -0.1283020 0.8070145
1543779915.243495 -0.9299742 0.4028721 -0.2111781 0.0008735 -0.5973805 -0.1286668 0.7915685
1543779915.555061 -1.0283995 0.4475867 -0.2289608 0.0020605 -0.6299932 -0.1300800 0.7656263
1543779915.791546 -1.1389570 0.4968861 -0.2168266 0.0011323 -0.6837316 -0.1425472 0.7156746
1543779916.058189 -1.2164929 0.6248090 -0.1163594 -0.0048428 -0.6648614 -0.1334157 0.7349396
1543779916.699085 -1.3120073 1.0538412 0.1000718 0.0069619 -0.6684111 -0.1252233 0.7331420
1543779918.165167 -1.3142692 1.0585809 0.1021193 0.0095724 -0.6675471 -0.1249766 0.7339415
1543779920.499985 -1.3142385 1.0588725 0.1019835 0.0093557 -0.6659932 -0.1251649 0.7353227
