1543546733.308426 0.0000000 0.0000000 0.0000000 0.0000000 0.0000000 0.0000000 1.0000000
1543546733.335551 0.0101150 -0.0009106 -0.0057093 -0.0005829 0.0010081 0.0000190 0.9999993
1543546733.641717 0.0846341 0.0022458 -0.0414351 -0.0015488 0.0219627 0.0031264 0.9997527
1543546734.014313 0.1749242 0.0124591 -0.0596377 -0.0048452 0.0764155 0.0124520 0.9969865
1543546734.298047 0.2318701 0.0245719 -0.0687288 -0.0068771 0.1254459 0.0217634 0.9918379
1543546734.484224 0.2698762 0.0372480 -0.0785889 -0.0083618 0.1674157 0.0308864 0.9853670
1543546734.813419 0.3181689 0.0654936 -0.0913916 -0.0077792 0.2241208 0.0429909 0.9735816
1543546735.299543 0.3353480 0.0823897 -0.0882083 -0.0076161 0.2434968 0.0439199 0.9688768
1543546735.845342 0.3663273 0.1114964 -0.0810847 -0.0078481 0.2929500 0.0564420 0.9544281
1543546736.276723 0.2934470 0.0989166 -0.0621501 -0.0062815 0.2107338 0.0339453 0.9769337
1543546736.791501 0.2447047 0.0753305 -0.0516065 -0.0054343 0.1394029 0.0211131 0.9899957
1543546737.291826 0.1890105 0.0579757 -0.0469463 -0.0022278 0.0696492 0.0055284 0.9975537
1543546738.451906 0.0795999 0.0335890 0.0146072 -0.0040295 -0.1016654 -0.0248846 0.9944992
1543546738.737669 0.0536695 0.0303526 0.0418455 -0.0034199 -0.1459581 -0.0351581 0.9886599
1543546738.996253 -0.0224555 0.0203155 0.0687080 -0.0028109 -0.1802931 -0.0478670 0.9824435
1543546739.157914 -0.0990328 0.0174257 0.0915326 -0.0045798 -0.2032572 -0.0546902 0.9775860
1543546741.829712 -0.1170787 0.0610510 -0.1932725 -0.0018538 -0.4355781 -0.0952397 0.8950964
1543546748.672942 -0.2563975 -0.2672186 -0.4669123 0.0014455 -0.6763931 -0.1392043 0.7232652
1543546749.109481 -0.2240400 -0.1141556 -0.3819647 0.0038099 -0.6947398 -0.1402968 0.7054353
1543546755.509001 -0.1736039 0.1464252 -0.4214170 0.0073405 -0.8155378 -0.1641341 0.5548912
1543546761.388948 -0.0502877 0.2476384 -0.0522016 -0.0051336 -0.0614090 -0.0058659 0.9980822
1543546761.725478 0.0427962 0.2353030 -0.0511502 -0.0065919 0.0355171 0.0153183 0.9992299
1543546762.066505 0.1427780 0.2379398 -0.0523499 -0.0081393 0.1289166 0.0343796 0.9910259
1543546763.290701 0.1775954 0.2250954 -0.0690884 -0.0033911 0.1590415 0.0246851 0.9869574
1543546763.644893 0.0710227 0.2225926 -0.0611693 -0.0041418 -0.0064181 -0.0140655 0.9998719
1543546776.683386 -0.2869681 0.2598422 -0.0998053 -0.0050596 -0.4568752 -0.0831119 0.8856251
1543546787.786630 -0.1850585 0.2653487 -0.6441189 -0.0082216 0.8731323 0.1756472 -0.4546652
1543546806.247624 -0.3549010 0.1724938 0.0156207 0.0009541 -0.2985124 -0.0832148 0.9507706
1543546811.560232 -0.2009686 0.2138378 0.0329466 -0.0220657 -0.2457993 -0.0257015 0.9687287
1543546812.094084 -0.0252940 0.2076814 0.0765968 -0.0111622 -0.0055775 0.0171838 0.9997745
1543546822.574374 0.0536727 0.2572376 0.0916184 -0.0173570 0.0216036 0.0174457 0.9994637
1543546823.068833 0.0596387 0.2573948 0.1027306 -0.0129345 0.0225755 0.0032190 0.9996563
1543546833.327159 -0.2290787 0.2872699 -0.7263311 -0.0048994 0.8962761 0.1831021 -0.4039044
1543546836.450639 -0.2858408 -0.1687583 -0.2350743 0.0029166 -0.1326590 -0.0390968 0.9903861
1543546838.400928 -0.2339147 0.1719468 -0.6963235 -0.0021897 0.8588682 0.1800901 -0.4794875
1543546841.505838 0.0200136 0.1943556 0.0384772 0.0002608 0.0209090 -0.0035269 0.9997751
1543546845.662840 -0.2457191 -0.2085192 -0.5316139 -0.0011694 -0.6171631 -0.1172995 0.7780419
1543546846.002903 -0.1439574 -0.2741325 -0.3498058 -0.0065791 -0.3540190 -0.0585417 0.9333810
1543546848.052027 -0.1398095 0.3480093 0.0307983 -0.0045183 -0.1709130 -0.0473997 0.9841349
1543546848.447212 -0.2584191 0.3496119 -0.0395952 0.0011312 -0.3607522 -0.0842086 0.9288517
1543546849.116976 -0.3514917 0.3522252 -0.4345539 0.0185690 -0.7163555 -0.1599785 0.6788939
1543546849.844835 -0.1548380 0.2810577 -0.7764908 -0.0201927 0.9038450 0.1953839 -0.3801073
1543546850.512123 -0.1625888 0.2698079 -0.7612133 -0.0131709 0.8941970 0.1828870 -0.4084001
1543546851.250138 -0.2508047 -0.2619165 -0.4184597 -0.0063704 -0.5753546 -0.1088046 0.8106096
1543546851.888592 0.0339048 -0.2998759 -0.1728405 -0.0113256 -0.1767611 -0.0207112 0.9839707
1543546853.558856 0.1178291 0.3224326 0.0896806 -0.0036792 -0.0819573 -0.0135183 0.9965374
1543546855.046308 -0.2442128 0.3890572 -0.7005593 -0.0048975 0.8997055 0.1917279 -0.3921051
1543546855.403096 -0.2350889 0.4085444 -0.7046266 -0.0068798 0.9000782 0.1854153 -0.3942500
1543546855.632794 -0.2684023 0.3735791 -0.7176245 -0.0062364 0.8858710 0.1907459 -0.4228590
1543546857.266162 0.1640504 0.2907273 0.0800814 -0.0161865 0.1276426 0.0422729 0.9907867
1543546857.625340 0.1365382 0.2524784 0.0612910 -0.0091301 0.0660104 0.0243841 0.9974791
1543546859.440749 0.1134961 0.2635852 0.0611086 -0.0045851 0.0310690 0.0049565 0.9994944
1543546859.932387 0.0665171 0.2899246 0.0929404 -0.0053117 0.0261137 0.0014960 0.9996437
1543546860.400582 -0.0102845 0.2909066 0.1243788 -0.0054728 0.0489284 0.0043630 0.9987777
1543546860.883898 -0.1192725 0.2671756 0.0976981 0.0008625 0.0415705 0.0023929 0.9991323
1543546861.327552 -0.1671629 0.2662017 0.0468805 0.0013934 -0.0312501 -0.0113104 0.9994466
1543546862.080641 -0.6217889 0.3644417 -0.1662140 0.0052304 -0.4825065 -0.1203012 0.8675758
1543546862.375479 -0.7126681 0.3803240 -0.1986521 0.0011971 -0.5489571 -0.1245863 0.8265125
1543546862.969852 -0.9271644 0.4484714 -0.2201659 0.0016327 -0.6252663 -0.1327541 0.7690356
1543546863.484253 -1.0957397 0.6817028 -0.0457270 -0.0025759 -0.6230764 -0.1230325 0.7724196
1543546863.672872 -1.1332581 0.8313520 0.0360090 -0.0005180 -0.6256242 -0.1209639 0.7706892
1543546863.869684 -1.1612924 0.9553142 0.0966017 0.0034248 -0.6359211 -0.1235541 0.7617919
