1543783387.449845 0.0000000 0.0000000 0.0000000 0.0000000 0.0000000 0.0000000 1.0000000
1543783387.475388 0.0113824 -0.0013766 -0.0058690 -0.0004134 0.0056165 0.0013585 0.9999832
1543783387.563835 0.0287168 -0.0017224 -0.0144280 0.0000991 0.0127502 0.0021592 0.9999164
1543783388.715206 0.2924706 0.0547436 -0.0779579 -0.0058764 0.1870297 0.0352236 0.9817050
1543783389.429904 0.3404956 0.0910389 -0.0767758 -0.0058753 0.2391406 0.0449431 0.9699265
1543783389.879248 0.3721474 0.1194962 -0.0700135 -0.0058109 0.2914624 0.0568730 0.9548724
1543783390.358601 0.2915932 0.1055011 -0.0501107 -0.0054485 0.2045525 0.0332734 0.9782748
1543783390.925382 0.2362465 0.0804173 -0.0400043 -0.0038301 0.1232131 0.0186918 0.9921968
1543783391.224290 0.2016803 0.0696274 -0.0359937 -0.0020029 0.0823271 0.0093712 0.9965593
1543783391.512056 0.1531278 0.0500621 -0.0343483 -0.0025552 0.0292870 -0.0024739 0.9995647
1543783395.482610 -0.1439262 0.0707281 -0.1538735 0.0036842 -0.3904191 -0.0854772 0.9166532
1543783395.951552 -0.1413576 0.0709194 -0.2090059 -0.0000607 -0.4486685 -0.0978121 0.8883296
1543783399.448249 -0.2254504 0.0593625 -0.3812714 0.0062698 -0.6380656 -0.1307472 0.7587741
1543783410.517673 -0.2276994 0.1889835 -0.4611925 0.0103337 -0.8087310 -0.1652649 0.5643889
1543783415.191760 -0.1395642 0.2740788 -0.0598267 -0.0025184 -0.1378694 -0.0232739 0.9901737
1543783415.561713 -0.0466190 0.2572869 -0.0444604 -0.0059778 -0.0321935 0.0002850 0.9994637
1543783415.932495 0.0657538 0.2488853 -0.0441442 -0.0076523 0.0632750 0.0213646 0.9977381
1543783416.315566 0.1714099 0.2424557 -0.0530242 -0.0073425 0.1527297 0.0365598 0.9875642
1543783416.955483 0.2361251 0.2314517 -0.0835456 -0.0064456 0.2258973 0.0440304 0.9731342
1543783417.326387 0.1810298 0.2380538 -0.0598933 -0.0039601 0.1696496 0.0268720 0.9851301
1543783417.754496 0.0368657 0.2355267 -0.0545381 -0.0039309 -0.0404521 -0.0201416 0.9989707
1543783418.214891 -0.1046380 0.2384155 -0.0665127 -0.0043064 -0.2438332 -0.0606294 0.9679106
1543783421.100911 -0.0727321 0.2664198 0.1845917 -0.0039359 -0.1087234 -0.0184060 0.9938938
1543783422.260854 -0.0708104 0.2558063 0.1949339 -0.0025421 -0.0818862 -0.0180940 0.9964742
1543783437.385098 -0.2786306 0.2007261 -0.0790196 -0.0140694 -0.4105521 -0.0691123 0.9091053
1543783472.995599 -0.4553517 -0.1127283 -0.2733510 0.0038940 -0.4421008 -0.1076432 0.8904744
1543783473.565981 -0.3589247 -0.1682211 -0.7054436 0.0029393 -0.7389748 -0.1562251 0.6553636
1543783483.809174 -0.0546271 0.2589918 0.0631223 -0.0091483 0.0187588 0.0081377 0.9997491
1543783484.491251 -0.0365221 0.2770245 0.0732411 -0.0084569 0.0379282 0.0098849 0.9991958
1543783485.725055 -0.2168746 0.3070276 -0.8246857 -0.0228025 0.9176366 0.1912101 -0.3476519
1543783486.036659 -0.2225264 0.2959335 -0.7538933 -0.0113155 0.9416453 0.1943846 -0.2745736
1543783492.073513 -0.3133373 0.3126228 -0.7456119 -0.0103525 0.8699610 0.1837356 -0.4574952
1543783497.331536 -0.1617418 0.1083413 -0.7764091 -0.0111038 0.9380600 0.2238563 -0.2642130
1543783497.855986 -0.2202131 0.1308805 -0.8087824 0.0091232 0.9193302 0.2246519 -0.3229245
1543783498.424755 -0.1947838 0.1673997 -0.7957945 -0.0005033 0.9109381 0.2114066 -0.3542580
1543783498.622049 -0.1976910 0.1489169 -0.7946806 0.0013348 0.9117853 0.2177607 -0.3481753
1543783499.431731 -0.3070991 -0.0595011 -0.6752731 0.0036866 -0.7483411 -0.1490907 0.6463311
1543783500.439905 0.1131820 -0.2703343 -0.1811427 -0.0164307 -0.0181236 0.0207204 0.9994860
1543783501.390214 0.0957421 0.2793095 0.0155314 -0.0063826 0.0361573 0.0115711 0.9992588
1543783501.858690 -0.0647823 0.3739281 0.0620195 -0.0051895 -0.0746054 -0.0236762 0.9969185
1543783502.202441 -0.2083364 0.3627345 0.0254894 -0.0042398 -0.2243140 -0.0575641 0.9728060
1543783503.316122 -0.3555046 0.3731661 -0.6042323 0.0235685 -0.7841747 -0.1774035 0.5941739
1543783503.905571 -0.1842279 0.3046197 -0.7797552 -0.0258404 0.9088220 0.2027671 -0.3636762
1543783504.247076 -0.1673914 0.3205977 -0.7797521 -0.0221563 0.9065467 0.1962043 -0.3730764
1543783504.588086 -0.1824180 0.3150745 -0.7649876 -0.0206553 0.8995928 0.1839238 -0.3955733
1543783505.218121 -0.2984170 -0.2081053 -0.4947009 -0.0006944 -0.6500279 -0.1234925 0.7498086
1543783505.554770 -0.2315948 -0.3172071 -0.3865010 -0.0026785 -0.4662854 -0.0878451 0.8802579
1543783505.885657 -0.0554602 -0.3397703 -0.2091441 -0.0111150 -0.2516358 -0.0371032 0.9670467
1543783506.258110 0.3000161 -0.1783225 0.0468153 -0.0633975 0.0896957 0.0628094 0.9919629
1543783506.858984 0.0722098 0.3364241 0.1035325 -0.0081601 -0.0028427 0.0068753 0.9999390
1543783507.612829 0.0412142 0.3392285 0.1246969 -0.0044273 -0.0447479 -0.0037934 0.9989813
1543783508.817939 -0.2785865 0.4733820 -0.7573999 -0.0123320 0.9122264 0.1955159 -0.3598117
1543783509.096810 -0.2866684 0.4632115 -0.7450152 -0.0103809 0.9030104 0.1883411 -0.3859951
1543783509.430680 -0.2819959 0.4651932 -0.7555542 -0.0124753 0.9014339 0.1887108 -0.3894219
1543783510.658848 0.0058045 -0.0607232 -0.0058485 -0.0146184 -0.1208051 0.0034403 0.9925627
1543783511.451355 0.1360758 0.2916284 0.0885108 -0.0146507 0.0920224 0.0316113 0.9951472
1543783511.916740 0.1194404 0.2669543 0.0727358 -0.0086682 0.0439061 0.0167443 0.9988577
1543783513.678190 0.0883298 0.2854680 0.0843648 -0.0058049 0.0184291 0.0021335 0.9998111
1543783514.190512 0.0067507 0.3154578 0.1179988 -0.0061635 0.0163858 -0.0023975 0.9998439
1543783514.706335 -0.0983102 0.2998842 0.1416391 -0.0045883 0.0449898 0.0023278 0.9989742
1543783515.210186 -0.1948718 0.2903660 0.0773884 -0.0005058 -0.0378673 -0.0137916 0.9991875
1543783516.120185 -0.6544566 0.3799112 -0.1620054 0.0044417 -0.4736649 -0.1187644 0.8726493
1543783516.444715 -0.7626245 0.4058532 -0.2147816 0.0022101 -0.5537493 -0.1261504 0.8230692
1543783517.165416 -1.0448490 0.5009991 -0.2341115 0.0014957 -0.6554124 -0.1402760 0.7421287
1543783517.480601 -1.1625199 0.6567330 -0.1088511 -0.0046677 -0.6435230 -0.1315698 0.7540197
1543783517.742686 -1.2209934 0.8678437 0.0255764 -0.0038689 -0.6305500 -0.1259137 0.7658573
1543783517.972763 -1.2515996 1.0174496 0.0983333 -0.0016557 -0.6439507 -0.1269833 0.7544535
