1543544930.748531 0.0000000 0.0000000 0.0000000 0.0000000 0.0000000 0.0000000 1.0000000
1543544930.834048 -0.0199905 -0.0010382 0.0045422 -0.0003850 -0.0027631 -0.0004850 0.9999960
1543544930.957726 -0.0528284 0.0112461 0.0153181 -0.0005394 0.0100909 0.0031541 0.9999440
1543544931.551138 -0.2344499 0.0471076 0.0793462 -0.0004773 0.0736333 0.0165312 0.9971483
1543544931.690038 -0.2462110 0.0485507 0.0945663 -0.0014731 0.0986896 0.0248466 0.9948069
1543544931.840078 -0.2618452 0.0545042 0.1091564 -0.0025289 0.1079303 0.0279383 0.9937626
1543544932.036243 -0.2689053 0.0615764 0.1136311 -0.0022981 0.1018775 0.0290787 0.9943692
1543544934.066634 0.2224366 -0.0120274 -0.1124765 0.0008585 0.0438305 0.0134061 0.9989486
1543544934.284251 0.2720788 0.0026640 -0.1176095 -0.0011363 0.0929522 0.0241336 0.9953774
1543544935.107039 0.3351436 0.0448160 -0.1099989 -0.0024209 0.1604102 0.0358835 0.9863950
1543544935.356486 0.3611000 0.0596220 -0.1106053 -0.0016998 0.1867704 0.0435096 0.9814382
1543544935.649143 0.3478075 0.0828138 -0.0931542 -0.0003289 0.1924440 0.0413383 0.9804368
1543544936.620660 0.2187408 0.0369036 -0.0913386 0.0021761 0.0385499 0.0086687 0.9992167
1543544937.009147 0.1697991 0.0181501 -0.0968827 0.0030076 -0.0122871 -0.0031408 0.9999151
1543544937.725333 0.0580046 -0.0080655 -0.0930214 0.0044198 -0.1196980 -0.0252762 0.9924787
1543544938.101279 0.0323138 -0.0091068 -0.0673216 0.0031714 -0.1695771 -0.0321579 0.9849870
1543544941.618476 -0.1482901 0.0280785 -0.3289628 0.0073218 -0.5125706 -0.1068414 0.8519406
1543544949.293145 -0.1849210 0.0054182 -0.4807308 0.0154002 -0.7135998 -0.1404603 0.6861553
1543544954.195074 -0.1516297 0.1093059 -0.5975837 -0.0178381 0.8809074 0.1793840 -0.4376133
1543544954.891223 -0.1536827 0.1317019 -0.5936674 -0.0171676 0.8858140 0.1767688 -0.4287093
1543544960.834059 -0.1710901 0.2526697 -0.1777093 0.0050011 -0.2205961 -0.0346981 0.9747350
1543544961.160999 -0.0906342 0.2329696 -0.1504292 0.0003793 -0.1325925 -0.0140737 0.9910706
1543544961.496743 0.0143071 0.2184403 -0.1306978 -0.0012068 -0.0394762 0.0066976 0.9991974
1543544961.920188 0.1431922 0.2157289 -0.1124688 -0.0024490 0.0624011 0.0261175 0.9977064
1543544962.503519 0.2307736 0.1994474 -0.1309470 0.0000267 0.1279611 0.0328025 0.9912366
1543544962.979573 0.1823672 0.2052404 -0.1221863 0.0016728 0.1069658 0.0224099 0.9940087
1543544963.689559 -0.0612294 0.2000129 -0.1641410 0.0027420 -0.2169248 -0.0492736 0.9749401
1543544964.140750 -0.1523261 0.1938927 -0.1403790 0.0019354 -0.3090474 -0.0653317 0.9487981
1543544979.611103 -0.2976926 0.2167529 -0.1984225 0.0142400 -0.4259888 -0.0947990 0.8996354
1543544980.002363 -0.3295559 0.2396673 -0.4303243 0.0208875 -0.6329476 -0.1389781 0.7613319
1543545004.193562 0.0370952 0.1424404 -0.0174706 0.0109075 -0.0533750 0.0353231 0.9978900
1543545004.759210 0.0481325 0.1588291 0.0082488 0.0057554 -0.0432087 0.0186613 0.9988752
1543545019.212613 -0.2871287 -0.2581147 -0.8607402 0.0082507 -0.7774954 -0.1621319 0.6075739
1543545029.963430 -0.0808758 0.2213643 -0.0479730 -0.0017932 -0.0491440 -0.0017974 0.9987885
1543545031.878548 -0.1002722 0.3092210 -0.9086722 -0.0198796 0.9514176 0.1831579 -0.2467034
1543545041.500907 -0.1536317 0.0431666 -0.1111995 0.0038461 -0.1705721 -0.0364137 0.9846646
1543545042.974008 -0.0281613 0.1222533 -0.9751957 -0.0307441 0.9504904 0.2114071 -0.2256763
1543545043.106401 -0.0785573 0.1512788 -0.9425753 -0.0183481 0.9573168 0.2120689 -0.1955369
1543545043.337945 -0.0875717 0.1758007 -0.9648483 -0.0113547 0.9489212 0.2106515 -0.2346179
1543545045.756342 -0.1549913 -0.3425502 -0.5173382 0.0013068 -0.4308046 -0.0705427 0.8996829
1543545045.980443 -0.0073453 -0.3607041 -0.3988804 -0.0065423 -0.2459215 -0.0270472 0.9688902
1543545047.273112 0.0204668 0.2922818 -0.0438994 0.0012912 -0.0789375 -0.0103082 0.9968255
1543545047.737588 -0.1837814 0.3562733 -0.0633187 0.0033675 -0.2234074 -0.0517910 0.9733424
1543545048.152459 -0.3330890 0.3491918 -0.1773392 0.0093796 -0.4205211 -0.0920459 0.9025528
1543545049.788218 -0.0729758 0.2772039 -0.9556240 -0.0281567 0.9314047 0.2017824 -0.3016230
1543545050.374583 -0.1451889 0.1488332 -0.9191897 -0.0202663 0.9071023 0.1917569 -0.3741444
1543545050.634802 -0.2382073 -0.1171454 -0.8056975 0.0105471 -0.8123187 -0.1622937 0.5600784
1543545051.303333 -0.1951087 -0.3877000 -0.4754926 0.0020136 -0.5038969 -0.0908329 0.8589722
1543545051.623431 0.0065076 -0.3762094 -0.2667378 -0.0047630 -0.2608694 -0.0324382 0.9648172
1543545052.780879 0.0137874 0.2922319 0.0174117 0.0021880 -0.1043392 -0.0085779 0.9945024
1543545053.298749 0.0293511 0.3099798 0.0370628 -0.0007026 -0.1343713 -0.0164014 0.9907951
1543545054.282017 -0.1815325 0.4501969 -0.9273672 -0.0228843 0.9357051 0.2098396 -0.2826654
1543545054.544409 -0.1734222 0.4379805 -0.9024093 -0.0216172 0.9365517 0.2040493 -0.2841960
1543545054.761019 -0.1791300 0.4972864 -0.9065031 -0.0251697 0.9302656 0.1857703 -0.3153756
1543545055.083417 -0.1770678 0.4357460 -0.8942934 -0.0205168 0.9292030 0.1945416 -0.3135515
1543545055.365590 -0.1884571 0.4991080 -0.9403940 -0.0276724 0.9175465 0.1801047 -0.3534191
1543545056.781993 0.1257820 0.2505750 0.0306102 -0.0156672 0.0453684 0.0395003 0.9980661
1543545057.313556 0.0877300 0.2370738 0.0117118 -0.0045934 -0.0110618 0.0148702 0.9998177
1543545059.104307 0.0676120 0.2462913 0.0030277 0.0023973 -0.0500876 -0.0055835 0.9987264
1543545059.778592 -0.0190522 0.2865062 0.0339432 0.0021852 -0.0610512 -0.0108746 0.9980730
1543545060.314747 -0.1389450 0.2784806 0.0442337 0.0028616 -0.0351553 -0.0072011 0.9993518
1543545060.842132 -0.2442247 0.2697137 -0.0352064 0.0074955 -0.1112370 -0.0224623 0.9935117
1543545062.064785 -0.7614222 0.3806359 -0.4385204 0.0114106 -0.6119726 -0.1367790 0.7788779
1543545062.369402 -0.8625036 0.4110982 -0.4532968 0.0095131 -0.6370769 -0.1357751 0.7586882
1543545062.682559 -0.9926138 0.4603959 -0.4921958 0.0100611 -0.6768779 -0.1408393 0.7224261
1543545063.223209 -1.2232913 0.7247708 -0.3498958 0.0049415 -0.6847907 -0.1376186 0.7156104
1543545063.457114 -1.2799947 0.9104902 -0.2537522 0.0072039 -0.6919603 -0.1370972 0.7087619
1543545063.656695 -1.3244867 1.0498995 -0.1889749 0.0130748 -0.6988550 -0.1386182 0.7015809
