1543779450.254329 0.0000000 0.0000000 0.0000000 0.0000000 0.0000000 0.0000000 1.0000000
1543779450.283468 0.0106903 -0.0001300 -0.0059841 -0.0000444 0.0010027 -0.0000156 0.9999995
1543779451.221403 0.2484677 0.0244296 -0.0735490 -0.0076277 0.1240118 0.0216940 0.9920142
1543779451.568579 0.3132409 0.0466382 -0.0930186 -0.0090007 0.1859658 0.0351157 0.9818873
1543779452.382775 0.3709666 0.0901541 -0.0949878 -0.0080100 0.2510980 0.0465945 0.9668064
1543779452.787824 0.3929981 0.1179640 -0.0835184 -0.0076660 0.2912548 0.0549571 0.9550349
1543779453.005373 0.3501623 0.1177533 -0.0784037 -0.0069785 0.2394478 0.0404189 0.9700425
1543779453.313994 0.3088893 0.0949713 -0.0638210 -0.0079798 0.2031121 0.0326035 0.9785800
1543779453.564917 0.2825687 0.0832306 -0.0580625 -0.0064096 0.1623065 0.0260190 0.9863765
1543779454.161906 0.2141105 0.0636566 -0.0498714 -0.0034481 0.0783830 0.0078084 0.9968868
1543779455.017225 0.0997417 0.0328708 -0.0224826 -0.0040075 -0.0441918 -0.0165340 0.9988782
1543779455.321560 0.0854521 0.0329706 0.0064532 -0.0047994 -0.0911093 -0.0229147 0.9955657
1543779455.623843 0.0653839 0.0334674 0.0408384 -0.0030402 -0.1383810 -0.0338722 0.9897950
1543779455.828697 0.0132560 0.0284826 0.0627946 -0.0015450 -0.1730019 -0.0448372 0.9838992
1543779456.071477 -0.0891770 0.0229577 0.0913601 -0.0021943 -0.1972276 -0.0548278 0.9788209
1543779459.442207 -0.1858487 0.0817281 -0.2118726 0.0010809 -0.4707755 -0.1043303 0.8760619
1543779464.852841 -0.2282073 -0.3713470 -0.5567332 0.0057172 -0.6892902 -0.1443156 0.7099432
1543779465.627138 -0.2459095 -0.2498055 -0.4469430 0.0049484 -0.6798199 -0.1385717 0.7201516
1543779468.487119 -0.1699843 0.1623762 -0.4297291 0.0151124 -0.8410026 -0.1744466 0.5119126
1543779474.390040 -0.2449324 0.2656459 -0.4319171 0.0100024 -0.8349773 -0.1717046 0.5227145
1543779478.209379 -0.0939783 0.2711605 -0.0602010 -0.0023814 -0.0994989 -0.0161906 0.9949031
1543779478.526876 -0.0089064 0.2566955 -0.0536807 -0.0043792 -0.0053949 0.0051973 0.9999623
1543779478.880477 0.1080056 0.2541459 -0.0541494 -0.0068404 0.0877974 0.0259021 0.9957780
1543779479.236566 0.2044640 0.2393312 -0.0737953 -0.0065532 0.1649432 0.0376538 0.9855623
1543779480.602725 0.0635607 0.2383035 -0.0664142 -0.0028229 -0.0186248 -0.0170775 0.9996767
1543779493.612376 -0.3079894 0.2930034 -0.1172886 -0.0013463 -0.4684632 -0.0876423 0.8791241
1543779506.378137 -0.2220124 0.2030893 -0.0464958 -0.0178734 -0.3754300 -0.0610188 0.9246672
1543779527.609150 -0.3252981 0.3214042 -0.7567638 -0.0096649 0.8600522 0.1767801 -0.4785035
1543779528.488108 -0.2123803 0.2325993 0.0208025 -0.0204625 -0.2431149 -0.0257345 0.9694402
1543779531.754383 -0.2932446 0.2615766 -0.7630543 -0.0168705 0.8799725 0.1894921 -0.4352660
1543779534.838324 0.0575999 0.2432770 0.0690401 -0.0091265 0.0309792 0.0031721 0.9994733
1543779547.013837 -0.0218273 0.2466396 0.0347636 -0.0054614 0.0407218 0.0092263 0.9991130
1543779553.322279 -0.2404486 -0.1137111 -0.1647373 0.0193197 -0.0698543 -0.0355387 0.9967368
1543779557.743630 0.1028398 0.2712739 0.0556910 -0.0005767 0.1438084 0.0249565 0.9892907
1543779559.677999 -0.2974158 -0.1157320 -0.5294916 0.0137139 -0.6693596 -0.1468624 0.7281491
1543779561.302623 -0.1221336 0.2717825 -0.7715596 -0.0103620 0.9082231 0.1845402 -0.3754576
1543779562.309419 -0.2772790 -0.0470560 -0.6352444 0.0038069 -0.7454321 -0.1492004 0.6496581
1543779563.212992 0.0283132 -0.3113275 -0.2842428 -0.0158987 -0.1129836 -0.0068474 0.9934461
1543779563.493556 0.2106044 -0.1521513 -0.1087847 -0.0143239 0.0852849 0.0408403 0.9954162
1543779563.826950 0.1807270 0.1287507 -0.0122305 -0.0095827 0.0847152 0.0310834 0.9958742
1543779564.658773 0.0004195 0.3596840 0.0502476 -0.0042825 -0.0353210 -0.0117246 0.9992980
1543779564.976659 -0.1509523 0.3720737 0.0364426 -0.0026608 -0.1696126 -0.0476043 0.9843568
1543779565.344041 -0.2809828 0.3711316 -0.0373173 0.0025450 -0.3409840 -0.0834395 0.9363553
1543779565.688131 -0.3721124 0.3761714 -0.1671329 0.0088584 -0.5082834 -0.1191500 0.8528615
1543779565.994061 -0.3826332 0.3875441 -0.3522435 0.0193285 -0.6696801 -0.1523056 0.7266071
1543779566.660336 -0.1431794 0.3238151 -0.7533628 -0.0288789 0.9100623 0.1964784 -0.3637978
1543779566.894763 -0.1390820 0.3419483 -0.7485586 -0.0244350 0.9065889 0.1901649 -0.3759479
1543779567.573117 -0.1095763 0.3426569 -0.6733998 -0.0167316 0.8769337 0.1368213 -0.4604208
1543779567.796345 -0.2613334 -0.0195894 -0.6022728 0.0071200 -0.7819791 -0.1580433 0.6028932
1543779568.702154 -0.0946694 -0.3168300 -0.2243089 -0.0050241 -0.3064153 -0.0536272 0.9503728
1543779569.039703 0.2432672 -0.2174324 -0.0084483 -0.0314116 0.0148094 0.0293895 0.9989646
1543779570.677954 -0.1257181 0.3548867 0.0843894 -0.0004726 -0.1977679 -0.0498945 0.9789782
1543779571.340518 -0.2878456 0.5042090 -0.7075150 -0.0169124 0.8937001 0.2071102 -0.3976425
1543779571.556813 -0.2327535 0.4365192 -0.6821798 -0.0095770 0.9144749 0.2043298 -0.3491321
1543779571.773153 -0.2282734 0.4259439 -0.6615776 -0.0067647 0.9132302 0.1966804 -0.3567654
1543779572.062569 -0.2395056 0.4163548 -0.6724886 -0.0085072 0.9018450 0.1961424 -0.3848785
1543779572.300306 -0.2320805 0.4329571 -0.6632935 -0.0092336 0.9037594 0.1899660 -0.3834666
1543779574.250975 0.1698949 0.3092293 0.0843358 -0.0138534 0.1213437 0.0402499 0.9916974
1543779574.627218 0.1436686 0.2685279 0.0630936 -0.0078714 0.0622960 0.0226162 0.9977704
1543779576.507937 0.1147106 0.2843817 0.0695509 -0.0040035 0.0289486 0.0040772 0.9995646
1543779576.971171 0.0492855 0.3155735 0.1053733 -0.0035047 0.0240402 -0.0001116 0.9997048
1543779577.411655 -0.0316424 0.3079969 0.1352655 -0.0042033 0.0509181 0.0033111 0.9986885
1543779577.866194 -0.1344688 0.2898387 0.1055234 0.0028090 0.0375228 0.0016924 0.9992904
1543779578.294528 -0.1855759 0.2862743 0.0501982 0.0034277 -0.0302469 -0.0137952 0.9994414
1543779578.725606 -0.4865947 0.3338574 -0.0199799 0.0022392 -0.3255876 -0.0876247 0.9414402
1543779579.044745 -0.6544874 0.4019872 -0.1682197 0.0091872 -0.4985414 -0.1248418 0.8577800
1543779579.361115 -0.7375963 0.4074568 -0.1922193 0.0031990 -0.5496907 -0.1267769 0.8256861
1543779579.670883 -0.8532004 0.4344862 -0.2068239 0.0042217 -0.5849596 -0.1300207 0.8005617
1543779579.975126 -0.9655493 0.4839849 -0.2029376 0.0031663 -0.6358344 -0.1374143 0.7594879
1543779580.239112 -1.0767217 0.5616294 -0.1432842 -0.0000860 -0.6592847 -0.1407662 0.7385991
1543779580.524422 -1.1424949 0.7799845 0.0106610 -0.0045266 -0.6154075 -0.1249999 0.7782211
1543779580.748886 -1.1781275 0.9269291 0.0865171 -0.0030368 -0.6363547 -0.1301672 0.7603288
