1543464351.704229 0.0000000 0.0000000 0.0000000 0.0000000 0.0000000 0.0000000 1.0000000
1543464351.796037 -0.0343279 0.0007617 0.0029031 0.0005654 -0.0073741 -0.0022295 0.9999701
1543464351.927771 -0.0829361 0.0043316 0.0120823 -0.0003257 0.0019631 -0.0001918 0.9999980
1543464352.143197 -0.1471880 0.0236288 0.0440909 -0.0028030 0.0524346 0.0108177 0.9985619
1543464352.531703 -0.1965262 0.0342153 0.0858404 -0.0060755 0.1001789 0.0257592 0.9946174
1543464352.675127 -0.2040107 0.0386437 0.0892680 -0.0074953 0.0971347 0.0275683 0.9948611
1543464352.812879 -0.2003833 0.0318416 0.0807999 -0.0061886 0.0856914 0.0250177 0.9959884
1543464353.774768 0.0318393 -0.0683568 -0.1158719 0.0031192 -0.0926350 -0.0101581 0.9956434
1543464353.993396 0.0972740 -0.0708379 -0.1329331 0.0031377 -0.0742111 -0.0073456 0.9972106
1543464354.765165 0.3062865 -0.0397986 -0.1360008 -0.0033675 0.0375134 0.0117121 0.9992218
1543464355.247980 0.4043674 0.0052626 -0.1414656 -0.0039217 0.1308729 0.0317730 0.9908821
1543464355.575267 0.4094582 0.0235682 -0.1344671 -0.0039546 0.1397512 0.0298217 0.9897296
1543464355.897395 0.4355528 0.0288317 -0.1347512 -0.0035242 0.1605527 0.0361569 0.9863585
1543464356.479524 0.4105226 0.0589697 -0.1192627 -0.0020746 0.1488413 0.0301390 0.9883995
1543464357.127977 0.3225193 0.0206257 -0.1115765 -0.0012467 0.0616058 0.0123377 0.9980235
1543464358.319232 0.1545394 -0.0327655 -0.1197319 0.0011583 -0.1113010 -0.0228589 0.9935231
1543464358.678762 0.1162063 -0.0344271 -0.1032010 -0.0002084 -0.1653320 -0.0318179 0.9857246
1543464359.152472 0.0747801 -0.0320650 -0.0502160 0.0023163 -0.2390821 -0.0469738 0.9698597
1543464362.227120 -0.0633877 0.0139508 -0.3560885 0.0072150 -0.5164050 -0.1064273 0.8496747
1543464362.425250 -0.0674509 0.0124182 -0.3647452 0.0066876 -0.5337486 -0.1093738 0.8385136
1543464367.567592 -0.1149989 -0.5580608 -0.7593924 0.0125755 -0.6463595 -0.1282800 0.7520674
1543464368.151908 -0.1048079 -0.5373340 -0.8023770 0.0137137 -0.7440957 -0.1510222 0.6506350
1543464374.971086 -0.0578806 0.1121268 -0.6180679 -0.0194737 0.8867790 0.1767652 -0.4266121
1543464375.675114 -0.0621370 0.1260290 -0.6232077 -0.0186647 0.8869129 0.1762335 -0.4265899
1543464381.457297 -0.1057403 0.2389478 -0.2150571 0.0008623 -0.2472889 -0.0389568 0.9681579
1543464381.888093 -0.0022356 0.2178549 -0.1755018 -0.0024172 -0.1304150 -0.0136341 0.9913628
1543464383.707054 0.2568796 0.1896381 -0.1487263 -0.0004357 0.0813767 0.0156489 0.9965605
1543464384.066462 0.1182209 0.1911221 -0.1636024 0.0014381 -0.0994565 -0.0268863 0.9946775
1543464407.348971 -0.1583288 0.2837811 -0.7872290 0.0321069 -0.8436077 -0.1824731 0.5039828
1543464442.986975 0.0563520 0.2282485 0.0026495 -0.0154087 -0.0825168 0.0014173 0.9964696
1543464452.430619 0.0536210 0.3464208 -0.9803700 -0.0257270 0.9593462 0.1758686 -0.2192333
1543464461.339093 0.1098437 0.2141398 -0.0367816 0.0026957 0.0373345 0.0074630 0.9992713
1543464462.371341 -0.1748621 -0.0868746 -0.2567271 0.0065370 -0.2891352 -0.0635694 0.9551529
1543464463.600054 0.0863041 0.0646868 -1.0121500 -0.0327048 0.9434226 0.2088410 -0.2554795
1543464463.791384 0.0873593 0.1405332 -1.0784142 -0.0140142 0.9536799 0.2142122 -0.2107400
1543464464.157211 0.0733165 0.2219462 -1.0474803 -0.0139642 0.9462429 0.1948314 -0.2578180
1543464466.149935 -0.1290912 -0.3234189 -0.7308679 0.0065668 -0.6521404 -0.1201518 0.7484874
1543464466.806473 0.1975434 -0.3663291 -0.2837509 -0.0166455 -0.1066976 0.0108502 0.9940929
1543464467.657763 0.1554977 0.2226114 -0.0817311 -0.0038929 -0.0384391 0.0014277 0.9992523
1543464468.192452 -0.0010432 0.3346246 -0.0604294 -0.0000155 -0.1340228 -0.0294203 0.9905415
1543464469.018819 -0.3028902 0.3496587 -0.2673889 0.0103735 -0.5162619 -0.1096990 0.8493128
1543464469.261240 -0.3466632 0.3663396 -0.4199079 0.0182172 -0.6378588 -0.1363355 0.7577710
1543464469.617636 -0.2268856 0.3645014 -0.7166008 0.0316340 -0.8127925 -0.1736560 0.5551678
1543464470.106497 0.0462759 0.2809344 -0.9836086 -0.0383141 0.9408004 0.1978447 -0.2725514
1543464470.583529 0.0553451 0.3226737 -0.9799070 -0.0299041 0.9372113 0.1878026 -0.2923540
1543464471.386132 -0.1643240 -0.2107006 -0.8120632 0.0084912 -0.7918304 -0.1558679 0.5904555
1543464471.689432 -0.1725474 -0.3611540 -0.6634339 0.0035717 -0.6494971 -0.1213893 0.7506034
1543464472.018892 -0.1298532 -0.4020594 -0.5632238 0.0051944 -0.4868343 -0.0865275 0.8691826
1543464472.309795 0.0949043 -0.4277399 -0.2727328 -0.0121098 -0.2722733 -0.0273942 0.9617537
1543464473.154122 0.1253824 0.3000895 0.0174321 -0.0045699 -0.0704473 -0.0017349 0.9975035
1543464473.582960 0.0896434 0.2779672 -0.0078242 -0.0006853 -0.1225761 -0.0129867 0.9923739
1543464474.075717 0.0062604 0.3047445 -0.0023002 -0.0002462 -0.1930566 -0.0342579 0.9805894
1543464474.719164 -0.2095180 0.5214584 -0.9073626 -0.0192274 0.8966303 0.1955185 -0.3968083
1543464474.942119 -0.0979288 0.3462038 -0.8977676 -0.0124148 0.9416178 0.2208299 -0.2538424
1543464475.153057 -0.0582597 0.5004954 -0.9178733 -0.0231980 0.9455941 0.1869801 -0.2652399
1543464475.431741 -0.0729876 0.4764763 -0.9015419 -0.0212453 0.9389020 0.1844514 -0.2898093
1543464475.725950 -0.0720315 0.4521456 -0.9212595 -0.0203976 0.9350719 0.1877330 -0.2999679
1543464475.986267 -0.0795057 0.4726751 -0.9250732 -0.0217463 0.9322723 0.1819526 -0.3119114
1543464477.911309 0.1715849 0.2308622 -0.0060231 -0.0094968 -0.0095473 0.0145546 0.9998034
1543464478.724378 0.1595173 0.2215725 -0.0183846 -0.0033565 -0.0498337 -0.0020246 0.9987499
1543464479.385753 0.1538290 0.2221518 -0.0250435 -0.0013537 -0.0560421 -0.0059783 0.9984096
1543464480.477977 0.0482181 0.2763431 0.0109346 -0.0014264 -0.0697458 -0.0142584 0.9974619
1543464480.987801 -0.0664160 0.2682911 0.0199665 -0.0000554 -0.0424119 -0.0104269 0.9990458
1543464481.502960 -0.1707046 0.2605331 -0.0576604 0.0044869 -0.1099356 -0.0226141 0.9936713
1543464482.744176 -0.7215248 0.3907601 -0.4755836 0.0103381 -0.6225799 -0.1359078 0.7705948
1543464483.082516 -0.8476669 0.4247401 -0.5039610 0.0089194 -0.6508530 -0.1363450 0.7468072
1543464483.389316 -0.9734818 0.4781466 -0.5453711 0.0096811 -0.6859666 -0.1406952 0.7138354
1543464483.915692 -1.2153592 0.7513242 -0.3893985 0.0015838 -0.6957104 -0.1353941 0.7054452
1543464484.145222 -1.2878879 0.9541386 -0.2859400 0.0046767 -0.7035738 -0.1339762 0.6978628
1543464484.502461 -1.3296499 1.1725265 -0.2069175 0.0146324 -0.7120016 -0.1343426 0.6890513
1543464486.829678 -1.3285240 1.1793263 -0.2086448 0.0166921 -0.7096869 -0.1337804 0.6914974
1543464487.635496 -1.3297946 1.1783868 -0.2078697 0.0165036 -0.7095788 -0.1342402 0.6915238
1543464489.067976 -1.3282306 1.1796416 -0.2090649 0.0170432 -0.7089913 -0.1341437 0.6921317
