1543462834.836135 0.0000000 0.0000000 0.0000000 0.0000000 0.0000000 0.0000000 1.0000000
1543462835.065005 -0.0531978 0.0041965 0.0219463 0.0002119 0.0103766 -0.0008950 0.9999458
1543462835.382856 -0.1417616 0.0199657 0.0437354 0.0008662 0.0107407 -0.0005307 0.9999418
1543462835.692096 -0.2400911 0.0387131 0.0772833 0.0008760 0.0518807 0.0076523 0.9986236
1543462835.880055 -0.2738900 0.0466739 0.0984851 -0.0014524 0.0847007 0.0154563 0.9962855
1543462836.067584 -0.2918339 0.0511206 0.1207336 -0.0035311 0.1148061 0.0255767 0.9930523
1543462836.304778 -0.3079148 0.0547876 0.1305662 -0.0062709 0.1169257 0.0285490 0.9927104
1543462837.843442 0.0258331 -0.0322197 -0.0900050 0.0025647 -0.0372378 -0.0043395 0.9992937
1543462838.421602 0.1611658 -0.0105364 -0.0893011 -0.0013404 0.0609079 0.0142586 0.9980407
1543462838.737844 0.2221800 0.0146790 -0.0992417 -0.0005924 0.1202131 0.0266418 0.9923904
1543462838.978136 0.2444544 0.0421107 -0.0889639 -0.0008040 0.1554935 0.0329931 0.9872854
1543462840.311491 0.2149937 0.0652556 -0.0716513 0.0004572 0.1381385 0.0239043 0.9901243
1543462840.658697 0.1813759 0.0460228 -0.0680290 0.0016932 0.0926906 0.0164619 0.9955574
1543462841.018728 0.1425466 0.0362547 -0.0688210 0.0028638 0.0417731 0.0060387 0.9991048
1543462842.369964 -0.0214355 -0.0056939 -0.0459204 0.0024858 -0.1554886 -0.0321455 0.9873114
1543462842.831270 -0.0653527 -0.0051735 -0.0029338 0.0043709 -0.2285349 -0.0488731 0.9722984
1543462845.922817 -0.1992662 0.0323017 -0.2886815 0.0058352 -0.5038482 -0.1076571 0.8570372
1543462846.175029 -0.2208154 0.0301547 -0.2937993 0.0043325 -0.5230767 -0.1110638 0.8450069
1543462851.924338 -0.2620555 -0.4365741 -0.6979249 0.0130498 -0.7348604 -0.1529985 0.6606068
1543462852.823627 -0.2986463 -0.2839029 -0.5733151 0.0114119 -0.7356358 -0.1494585 0.6605845
1543462854.370849 -0.2701078 0.0998627 -0.4369614 0.0122731 -0.7476764 -0.1543665 0.6457556
1543462859.810184 -0.2310531 0.1454826 -0.5340672 0.0160876 -0.8461130 -0.1717880 0.5043043
1543462861.244080 -0.2391998 0.1934725 -0.5761833 -0.0173013 0.8824132 0.1805534 -0.4341060
1543462865.314632 -0.1874115 0.2311575 -0.1348601 0.0011064 -0.1738852 -0.0285732 0.9843507
1543462865.740791 -0.0729520 0.2134399 -0.1073442 -0.0003283 -0.0574169 -0.0015572 0.9983490
1543462866.158428 0.0613526 0.2115524 -0.0846804 -0.0014070 0.0613888 0.0226250 0.9978565
1543462866.559896 0.1413529 0.1934422 -0.0994996 -0.0001732 0.1104098 0.0296689 0.9934432
1543462867.592630 0.0159655 0.1973158 -0.1028476 0.0034768 -0.0326496 -0.0150480 0.9993475
1543462868.083327 -0.1440771 0.1953813 -0.1406568 0.0023319 -0.2600427 -0.0621673 0.9635910
1543462870.532110 -0.1776153 0.2280241 0.0937115 0.0062669 -0.1525874 -0.0252059 0.9879486
1543462871.854620 -0.1702877 0.2257503 0.1160580 0.0020313 -0.1525777 -0.0297754 0.9878408
1543462893.318599 -0.3864760 0.1981110 -0.3007102 -0.0109322 -0.5940197 -0.1085564 0.7970173
1543462905.333000 -0.6306871 0.0379271 -0.2335249 0.0087322 -0.4343162 -0.0999686 0.8951533
1543462922.738204 -0.4566903 0.0683989 -0.1198243 0.0044238 -0.3400234 -0.0884465 0.9362381
1543462934.414784 -0.1252317 0.2249003 -0.0096909 -0.0028694 -0.0305352 -0.0014775 0.9995285
1543462939.088493 -0.0764742 0.1474241 -0.0279524 0.0096084 0.0032524 -0.0016586 0.9999472
1543462946.426647 -0.3899831 -0.1321546 -0.4310860 0.0177931 -0.5200925 -0.1141783 0.8462567
1543462947.358805 -0.1453747 0.1025659 -0.8973626 -0.0124576 0.9530154 0.2250303 -0.2024049
1543462947.683243 -0.1548764 0.1859812 -0.8978963 -0.0084639 0.9447053 0.2107858 -0.2510570
1543462948.471400 -0.1198885 0.2238697 -0.8867928 -0.0160441 0.9327580 0.1940210 -0.3034153
1543462950.042139 -0.2195013 -0.3176048 -0.4914850 0.0008780 -0.4506060 -0.0771741 0.8893805
1543462950.404877 0.0616096 -0.3223131 -0.2481030 -0.0138563 -0.1376880 0.0088722 0.9903390
1543462951.328427 0.0137812 0.2331133 -0.0338164 -0.0001320 -0.0273915 0.0008455 0.9996244
1543462951.950217 -0.1958223 0.3353698 -0.0242345 -0.0016592 -0.1819892 -0.0441231 0.9823087
1543462953.473329 -0.1987962 0.3583129 -0.7930164 -0.0378523 0.9015508 0.1872922 -0.3881946
1543462953.671707 -0.1527767 0.2555008 -0.8793012 -0.0352400 0.9269496 0.2060640 -0.3115450
1543462953.965538 -0.1409611 0.3067509 -0.8661904 -0.0309636 0.9314868 0.1958658 -0.3049755
1543462954.311390 -0.1402839 0.2962533 -0.8734959 -0.0244733 0.9292879 0.1978606 -0.3109280
1543462955.233326 -0.3144423 -0.2724532 -0.5882497 0.0035101 -0.6824818 -0.1321421 0.7188495
1543462955.588975 -0.2584163 -0.3520370 -0.4202138 0.0020059 -0.5155545 -0.0929501 0.8517980
1543462956.985924 -0.0328982 0.2864649 0.0456875 -0.0002632 -0.0809732 -0.0091429 0.9966743
1543462957.589454 -0.0519759 0.2972730 0.0666789 0.0018856 -0.1149365 -0.0178816 0.9932101
1543462959.416224 -0.2437264 0.4283110 -0.8256563 -0.0163068 0.9270698 0.1931924 -0.3208619
1543462959.686149 -0.2767109 0.4051937 -0.8294241 -0.0167777 0.9169158 0.1940916 -0.3482993
1543462961.719789 0.0269144 0.2253670 0.0282580 -0.0034183 -0.0090706 0.0100618 0.9999024
1543462963.676136 -0.0070611 0.2455260 0.0334910 0.0015261 -0.0495760 -0.0096393 0.9987227
1543462964.247620 -0.0984371 0.2748503 0.0579306 0.0011674 -0.0469533 -0.0132621 0.9988084
1543462964.816593 -0.2242755 0.2524401 0.0469810 0.0044750 -0.0221339 -0.0098791 0.9996962
1543462965.405514 -0.2899869 0.2446571 -0.0400510 0.0055699 -0.1048116 -0.0228758 0.9942133
1543462966.541994 -0.8574866 0.3969267 -0.3697922 0.0074006 -0.6116358 -0.1337603 0.7797147
1543462966.947834 -1.0001346 0.4466382 -0.4189143 0.0084675 -0.6568928 -0.1383099 0.7411414
1543462967.234939 -1.1438955 0.5180087 -0.4093267 0.0070711 -0.7123598 -0.1501336 0.6855315
1543462967.525520 -1.2372426 0.6851898 -0.2962210 0.0021772 -0.6867750 -0.1373259 0.7137766
1543462967.788945 -1.3102580 0.8887733 -0.1845526 0.0030313 -0.6866683 -0.1353431 0.7142546
1543462968.013572 -1.3446152 1.0403910 -0.1262325 0.0079160 -0.6950938 -0.1370701 0.7056867
