1543781737.476234 0.0000000 0.0000000 0.0000000 0.0000000 0.0000000 0.0000000 1.0000000
1543781737.561351 -0.0276497 0.0050401 0.0140008 0.0013041 0.0167902 0.0022729 0.9998556
1543781738.303584 -0.0840029 -0.0247121 -0.0318060 0.0084393 -0.0724353 -0.0148373 0.9972270
1543781738.630548 -0.1084051 -0.0331919 -0.0390669 0.0078666 -0.1279888 -0.0286920 0.9913293
1543781739.204995 -0.1734214 -0.0371856 -0.0636708 0.0112932 -0.2177663 -0.0513825 0.9745820
1543781739.406275 -0.1896163 -0.0403974 -0.0862767 0.0128142 -0.2706760 -0.0631791 0.9605096
1543781742.901932 -0.5220783 -0.0391650 0.1294450 0.0057558 -0.0140094 -0.0040912 0.9998769
1543781743.155641 -0.5431328 -0.0262777 0.1385197 0.0057827 -0.0122452 -0.0009153 0.9999079
1543781743.437964 -0.5163959 -0.0557044 0.1064030 0.0074227 -0.0425907 -0.0065143 0.9990438
1543781745.253022 0.0890271 -0.1573533 0.0065717 0.0048742 -0.0650431 -0.0159325 0.9977434
1543781746.261951 0.2213535 -0.0965773 0.0378599 0.0040400 0.0428211 0.0062625 0.9990550
1543781746.604171 0.2595441 -0.0752151 0.0499448 0.0038450 0.0826739 0.0170521 0.9964234
1543781747.022362 0.1821401 -0.0589668 0.0483951 0.0068109 0.0310940 -0.0005478 0.9994931
1543781747.465872 0.1136900 -0.0883321 0.0417390 0.0076520 -0.0273041 -0.0126515 0.9995178
1543781748.273054 -0.0037574 -0.1209461 0.0006328 0.0096178 -0.1462679 -0.0381793 0.9884612
1543781748.841550 -0.1052742 -0.1403526 -0.0188921 0.0089212 -0.2232406 -0.0544704 0.9731994
1543781749.334345 -0.1567062 -0.1354624 0.0144891 0.0074896 -0.2935517 -0.0654767 0.9536688
1543781749.805012 -0.2655010 -0.1361144 0.0370298 0.0106167 -0.3659557 -0.0848170 0.9266983
1543781752.946282 -0.2940867 -0.0735459 -0.3453634 0.0093083 -0.6205280 -0.1379011 0.7719077
1543781757.957928 -0.2775242 -0.6656284 -0.7867762 0.0150544 -0.7181033 -0.1520472 0.6789570
1543781758.759250 -0.2661818 -0.6375724 -0.8470526 0.0145541 -0.8123698 -0.1746890 0.5561721
1543781759.152117 -0.3144491 -0.5837281 -0.7896603 0.0116017 -0.7971861 -0.1707809 0.5789590
1543781762.656140 -0.2242778 0.0162203 -0.6456016 -0.0165511 0.9309939 0.1988534 -0.3056693
1543781762.910197 -0.2213055 0.0218860 -0.6541176 -0.0160454 0.9317846 0.1982829 -0.3036511
1543781771.300564 -0.4471847 0.2432860 -0.2762205 0.0112023 -0.5466831 -0.1099001 0.8300205
1543781771.736393 -0.3819301 0.1990252 -0.2069062 0.0085565 -0.4113281 -0.0816881 0.9077792
1543781772.172695 -0.3036713 0.1767874 -0.1436184 0.0063401 -0.2974328 -0.0578573 0.9529670
1543781772.624664 -0.1498830 0.1387362 -0.0713265 0.0035795 -0.1650521 -0.0276480 0.9858907
1543781773.062144 0.0070345 0.1217072 -0.0109398 0.0021763 -0.0542276 -0.0050737 0.9985133
1543781773.471716 0.0959342 0.0988256 -0.0039435 0.0051053 -0.0083353 0.0013283 0.9999514
1543781774.141211 0.0561175 0.1071737 -0.0128701 0.0083234 -0.0102423 -0.0079523 0.9998813
1543781774.679240 -0.1580785 0.1214736 -0.0897855 0.0095254 -0.2559387 -0.0669708 0.9643233
1543781775.225029 -0.3316476 0.1330758 -0.1475490 0.0073590 -0.4537414 -0.1062483 0.8847463
1543781777.179236 -0.3579647 0.1491134 0.1340931 0.0100123 -0.2708513 -0.0505837 0.9612391
1543781785.685716 -0.2475308 0.3003861 -0.8519433 -0.0131480 0.9336929 0.1961385 -0.2992897
1543781830.589597 -0.3415247 -0.0955565 -1.0617889 -0.0078500 0.8877890 0.1965084 -0.4161172
1543781833.964775 -0.2088204 0.1639342 0.1280748 -0.0015256 -0.1770675 -0.0402260 0.9833751
1543781841.215474 -0.2672457 0.1575975 0.0171439 0.0033790 -0.1586840 -0.0322595 0.9867965
1543781849.633451 -0.2061815 0.1135403 -0.9087085 -0.0071255 0.9306577 0.1959844 -0.3088942
1543781854.230394 -0.1322166 0.3466503 -0.7788587 -0.0420442 0.9876870 0.1461461 -0.0367154
1543781854.426333 -0.1506096 0.3610760 -0.8124318 -0.0309152 0.9860076 0.1499569 -0.0659249
1543781854.592103 -0.1510417 0.3597921 -0.8140335 -0.0269314 0.9845008 0.1495743 -0.0875243
1543781854.764332 -0.1511978 0.3750517 -0.8163450 -0.0280824 0.9832432 0.1432943 -0.1091373
1543781854.966245 -0.1475224 0.2702060 -0.8224459 -0.0150568 0.9781312 0.1639080 -0.1271485
1543781855.463715 -0.1473879 0.2728526 -0.8189724 -0.0183061 0.9782980 0.1657020 -0.1230478
1543781855.934411 -0.1499148 0.2707142 -0.8518478 0.0002171 0.9560677 0.1290095 -0.2632319
1543781856.140810 -0.1283771 0.2621043 -0.8489969 0.0332889 0.9045128 0.0830288 -0.4169587
1543781856.339109 -0.1483106 0.2492106 -0.8599314 -0.0312165 -0.8386024 -0.0699405 0.5393327
1543781856.519576 -0.1267581 0.2315478 -0.8373756 -0.0395998 -0.7670451 -0.0518066 0.6382709
1543781859.036889 -0.4444250 0.3042793 -0.0942650 0.0089044 -0.4081499 -0.0985350 0.9075380
1543781859.510683 -0.5547941 0.3223663 -0.3177206 0.0152434 -0.6137594 -0.1407023 0.7767045
1543781859.852159 -0.5649083 0.3158731 -0.5634369 0.0223886 -0.7576498 -0.1754846 0.6282282
1543781860.721520 -0.0536058 0.2254084 -0.9664452 -0.0253831 0.9637578 0.2064685 -0.1670249
1543781861.093536 -0.0442651 0.2236555 -0.9657485 -0.0202394 0.9620326 0.2063139 -0.1775338
1543781861.441305 -0.0529978 0.2210719 -0.9777180 -0.0170009 0.9584130 0.1967774 -0.2059954
1543781862.495878 -0.3209856 -0.5442016 -0.4974220 0.0054232 -0.5821245 -0.1142329 0.8050171
1543781866.053174 -0.1764305 0.2882064 -1.0439516 0.0000814 0.9546050 0.2223723 -0.1981912
1543781866.325053 -0.1753900 0.2875958 -1.0449672 -0.0062834 0.9540167 0.2287376 -0.1936276
1543781869.353278 -0.1005697 0.1507853 0.1075855 0.0045323 -0.1580419 -0.0320441 0.9869019
1543781870.442186 -0.1229873 0.1692739 0.1088706 0.0064485 -0.1721897 -0.0379349 0.9843120
1543781870.985261 -0.2346591 0.2236411 0.1133832 0.0075773 -0.1791605 -0.0432419 0.9828399
1543781871.511029 -0.3685927 0.2168682 0.0935093 0.0089806 -0.1505616 -0.0387142 0.9878015
1543781872.053464 -0.4749856 0.2491178 0.0025199 0.0312740 -0.2395223 -0.0628001 0.9683528
1543781873.515990 -1.0700936 0.4344504 -0.6634158 0.0097729 -0.7213570 -0.1620669 0.6732628
1543781873.873455 -1.2032059 0.5094203 -0.7504552 0.0086616 -0.7671106 -0.1689049 0.6188194
1543781874.195112 -1.3758498 0.6356653 -0.7335392 0.0049323 -0.7928295 -0.1729213 0.5843760
1543781874.906387 -1.6096852 1.2951127 -0.4485268 0.0118194 -0.7775699 -0.1590620 0.6082308
1543781879.908420 -1.6123276 1.3159525 -0.4487480 0.0155815 -0.7759410 -0.1586733 0.6103242
1543781880.208589 -1.6104394 1.3156972 -0.4476168 0.0153358 -0.7762103 -0.1584877 0.6100361
