1543780448.866775 0.0000000 0.0000000 0.0000000 0.0000000 0.0000000 0.0000000 1.0000000
1543780448.958579 -0.0370968 0.0022102 0.0039241 0.0009312 -0.0032738 -0.0011244 0.9999936
1543780449.280761 -0.1430748 0.0287851 0.0486117 -0.0010942 0.0562758 0.0116716 0.9983464
1543780449.647218 -0.1932188 0.0385191 0.0916798 -0.0046829 0.1030147 0.0261073 0.9943261
1543780449.785845 -0.2038523 0.0453977 0.0984712 -0.0047395 0.1042716 0.0285015 0.9941291
1543780450.004364 -0.1918450 0.0314352 0.0795852 -0.0028158 0.0818555 0.0249044 0.9963290
1543780450.198970 -0.1637170 -0.0049187 0.0377111 0.0011441 0.0457442 0.0176324 0.9987969
1543780451.013534 0.0820526 -0.0569961 -0.1383820 0.0095476 -0.0718937 -0.0071921 0.9973407
1543780451.205993 0.1417072 -0.0478166 -0.1526062 0.0104077 -0.0660714 -0.0074300 0.9977329
1543780451.920668 0.3442749 -0.0225472 -0.1507357 0.0027666 0.0498228 0.0148812 0.9986434
1543780452.502341 0.4418908 0.0347423 -0.1486206 0.0007103 0.1448309 0.0352001 0.9888299
1543780453.204623 0.4906343 0.0576571 -0.1509536 -0.0001525 0.1931336 0.0458561 0.9801003
1543780453.636977 0.4378711 0.0740276 -0.1331263 0.0024763 0.1499218 0.0322584 0.9881684
1543780454.655195 0.3041354 0.0209144 -0.1275266 0.0055736 0.0113081 0.0024869 0.9999174
1543780455.021527 0.2395397 0.0009602 -0.1356741 0.0079363 -0.0524130 -0.0121831 0.9985197
1543780455.396427 0.1850556 -0.0152804 -0.1317891 0.0081316 -0.0938801 -0.0207294 0.9953344
1543780455.794492 0.1355154 -0.0169200 -0.1165689 0.0072271 -0.1570302 -0.0309438 0.9870825
1543780456.235392 0.0984982 -0.0150971 -0.0568124 0.0092431 -0.2256488 -0.0449305 0.9731281
1543780459.785652 -0.0912949 0.0273766 -0.4091350 0.0089082 -0.5386611 -0.1124441 0.8349378
1543780464.709151 -0.0892261 -0.5904953 -0.8266340 0.0155952 -0.6436496 -0.1279367 0.7543900
1543780465.389057 -0.0939103 -0.5524413 -0.8589438 0.0158672 -0.7454252 -0.1511968 0.6490216
1543780466.025130 -0.1543398 -0.4440223 -0.7987174 0.0140508 -0.7276872 -0.1489769 0.6693876
1543780472.776263 -0.0453066 0.1319243 -0.6739734 -0.0183302 0.8867666 0.1789777 -0.4257652
1543780478.669387 -0.0872689 0.2603888 -0.2215367 0.0032302 -0.2261430 -0.0352053 0.9734523
1543780479.840672 0.2765044 0.2104436 -0.1555983 -0.0034264 0.0745528 0.0272277 0.9968394
1543780480.248616 0.3392536 0.2036242 -0.1646224 -0.0010967 0.1159169 0.0320882 0.9927399
1543780480.785588 0.2957577 0.2090188 -0.1624568 0.0006877 0.1043508 0.0228194 0.9942785
1543780481.237547 0.1264137 0.2101681 -0.1786479 0.0034623 -0.1082273 -0.0286984 0.9937058
1543780481.734443 -0.0532713 0.2214328 -0.2221926 0.0043227 -0.3432005 -0.0769490 0.9360948
1543780539.582295 -0.2434431 -0.0059344 -0.1812932 -0.0038084 -0.3139456 -0.0485579 0.9481908
1543780547.276328 -0.0117932 0.2406188 -0.0596796 -0.0044194 -0.0651359 -0.0036962 0.9978598
1543780558.487180 0.1290596 0.2336371 -0.0399880 0.0040400 0.0418724 0.0090768 0.9990736
1543780560.925870 0.1044710 0.2605512 -1.0541301 -0.0318995 0.9611397 0.1903467 -0.1973857
1543780561.056639 0.0897694 0.2250337 -1.0770400 -0.0173501 0.9545534 0.2009700 -0.2194034
1543780561.188985 0.0873379 0.2477651 -1.0783020 -0.0170989 0.9510489 0.1957704 -0.2385113
1543780563.345794 -0.1055313 -0.3460593 -0.7280993 0.0085914 -0.6143979 -0.1104113 0.7811855
1543780563.869082 0.1885482 -0.3546128 -0.3463936 0.0042779 -0.1811040 -0.0095589 0.9834082
1543780565.170545 0.0774723 0.3276213 -0.0644360 0.0012205 -0.0995670 -0.0181546 0.9948645
1543780566.108011 -0.3013415 0.3776075 -0.2819219 0.0122485 -0.4950953 -0.1080454 0.8620074
1543780566.410972 -0.3596168 0.4069126 -0.4575069 0.0218360 -0.6338208 -0.1387125 0.7606269
1543780566.994095 -0.0132516 0.4075787 -0.9817563 -0.0377448 0.9091272 0.1825808 -0.3724612
1543780567.176887 0.0567876 0.2811501 -1.0622586 -0.0379848 0.9338451 0.2020374 -0.2926966
1543780567.403030 0.0676661 0.3412596 -1.0594466 -0.0336563 0.9377497 0.1933402 -0.2865525
1543780569.035248 -0.1307517 -0.4224827 -0.6100762 0.0063658 -0.5574586 -0.0997241 0.8241690
1543780569.277408 -0.0520697 -0.4429599 -0.4466087 0.0040854 -0.4299014 -0.0704139 0.9001167
1543780570.523147 0.1149475 0.3101909 0.0026033 -0.0017821 -0.0967603 -0.0072657 0.9952796
1543780571.128431 0.0623919 0.3304169 0.0251608 0.0031960 -0.1395392 -0.0232532 0.9899383
1543780571.572108 -0.4627755 0.5183517 -0.3310420 0.0228359 -0.6386077 -0.1469416 0.7550278
1543780571.811728 -0.2098339 0.5060472 -0.9649589 -0.0204313 0.8738688 0.2084449 -0.4387330
1543780572.178789 -0.0446407 0.5520185 -1.0354689 -0.0256728 0.9420641 0.1958217 -0.2711272
1543780572.415456 -0.0543270 0.4701362 -0.9809983 -0.0180338 0.9407622 0.1978608 -0.2747589
1543780572.666233 -0.0565301 0.5185269 -0.9855824 -0.0192995 0.9352533 0.1827174 -0.3025610
1543780572.954613 -0.0522301 0.4961383 -0.9821689 -0.0187445 0.9356225 0.1863863 -0.2991977
1543780573.182172 -0.0786712 0.5105429 -1.0063096 -0.0214435 0.9251717 0.1804727 -0.3332074
1543780575.254050 0.1877559 0.2423959 -0.0146351 -0.0046439 -0.0250010 0.0107187 0.9996192
1543780575.883822 0.1816745 0.2428408 -0.0187235 -0.0013765 -0.0444200 -0.0005101 0.9990119
1543780577.477579 0.1070748 0.2879773 0.0105346 -0.0002248 -0.0611776 -0.0103567 0.9980732
1543780577.995754 -0.0110882 0.2927610 0.0323858 -0.0000875 -0.0403435 -0.0081660 0.9991525
1543780578.520557 -0.1461841 0.2762992 -0.0341189 0.0063232 -0.0595507 -0.0106358 0.9981486
1543780579.010924 -0.2173025 0.2646579 -0.1118174 0.0063814 -0.1346508 -0.0289875 0.9904485
1543780579.465948 -0.6080116 0.3758510 -0.3221283 0.0118507 -0.4852997 -0.1151001 0.8666578
1543780579.764163 -0.7209288 0.4121565 -0.5019010 0.0147164 -0.6020854 -0.1392007 0.7860660
1543780580.055463 -0.8277948 0.4445341 -0.5072308 0.0104518 -0.6259142 -0.1355390 0.7679527
1543780580.335671 -0.9457229 0.4794542 -0.5715261 0.0113230 -0.6638306 -0.1406651 0.7344481
1543780580.825794 -1.2005117 0.6190754 -0.5529900 0.0084145 -0.7233928 -0.1512311 0.6736180
1543780581.078903 -1.3095849 0.8533257 -0.3892970 0.0036439 -0.6894392 -0.1374548 0.7111726
1543780581.286860 -1.3691304 1.0297868 -0.2995360 0.0055179 -0.6998277 -0.1388792 0.7006592
1543780581.524057 -1.4056087 1.2123855 -0.2273642 0.0106493 -0.7080699 -0.1407881 0.6918832
