1543778124.186005 0.0000000 0.0000000 0.0000000 0.0000000 0.0000000 0.0000000 1.0000000
1543778124.277466 -0.0310796 0.0000719 0.0024792 0.0001745 -0.0080664 -0.0017616 0.9999659
1543778124.401489 -0.0663197 0.0020034 0.0064541 -0.0005955 -0.0021526 -0.0008254 0.9999971
1543778124.611735 -0.1390481 0.0173357 0.0414120 -0.0050591 0.0527129 0.0106113 0.9985405
1543778124.864478 -0.1693730 0.0190295 0.0672921 -0.0085694 0.0911127 0.0224689 0.9955502
1543778125.008099 -0.1828007 0.0244345 0.0788306 -0.0096688 0.0992202 0.0248285 0.9947087
1543778125.351453 -0.1862084 0.0197550 0.0720643 -0.0090887 0.0828247 0.0250092 0.9962088
1543778126.239946 0.0179785 -0.0644695 -0.1055432 0.0030428 -0.0936284 -0.0098476 0.9955539
1543778126.981917 0.2276147 -0.0483439 -0.1290036 -0.0001806 -0.0129076 0.0027184 0.9999130
1543778127.214036 0.2786690 -0.0375628 -0.1259347 -0.0022817 0.0324633 0.0111171 0.9994085
1543778127.437975 0.3277443 -0.0219681 -0.1290406 -0.0036992 0.0816562 0.0218123 0.9964150
1543778127.977196 0.3776943 0.0230764 -0.1198296 -0.0040309 0.1424082 0.0312508 0.9893063
1543778128.257431 0.3959371 0.0234755 -0.1233974 -0.0037905 0.1542979 0.0342250 0.9874241
1543778128.832375 0.4085888 0.0608115 -0.1061965 -0.0014833 0.1861858 0.0401199 0.9816940
1543778129.139554 0.3532780 0.0468128 -0.1058504 -0.0012991 0.1261074 0.0249534 0.9917018
1543778131.106493 0.1117412 -0.0294697 -0.1004437 0.0013668 -0.1579437 -0.0309071 0.9869633
1543778131.476563 0.0974616 -0.0329169 -0.0586867 0.0002819 -0.2082802 -0.0380790 0.9773276
1543778134.363040 -0.0811115 0.0082009 -0.2881350 0.0092423 -0.4686269 -0.0958641 0.8781307
1543778134.857411 -0.0697016 0.0057882 -0.3488039 0.0053403 -0.5270428 -0.1089920 0.8428037
1543778140.732318 -0.1098739 -0.5116830 -0.7536809 0.0101615 -0.7457923 -0.1509532 0.6487709
1543778142.316187 -0.1126418 -0.0661665 -0.5224653 0.0144621 -0.7391837 -0.1452717 0.6574910
1543778147.824560 -0.0684406 0.0830903 -0.6245612 -0.0154206 0.8777539 0.1789929 -0.4441530
1543778150.064426 -0.0848020 0.1434339 -0.6454012 -0.0168736 0.8896644 0.1824485 -0.4182405
1543778153.835716 -0.1214640 0.2316453 -0.2154239 0.0040717 -0.2888650 -0.0488290 0.9561151
1543778154.234593 -0.0416996 0.2113216 -0.1785794 -0.0013811 -0.1732111 -0.0236610 0.9845995
1543778154.636986 0.0776126 0.1917349 -0.1508331 -0.0040563 -0.0570326 0.0022472 0.9983615
1543778155.021036 0.1931669 0.1913479 -0.1262515 -0.0055406 0.0438545 0.0222094 0.9987757
1543778155.388357 0.2691455 0.1754376 -0.1352522 -0.0031078 0.0917516 0.0290636 0.9953529
1543778155.767504 0.2962740 0.1709090 -0.1472314 -0.0027244 0.1303901 0.0323084 0.9909325
1543778156.240813 0.2150506 0.1788225 -0.1386004 0.0006850 0.0466062 0.0082798 0.9988788
1543778156.736262 0.0477664 0.1774428 -0.1673131 0.0007199 -0.1761430 -0.0425643 0.9834436
1543778159.382040 -0.0577101 0.2112931 0.0491688 0.0037101 -0.1710648 -0.0245938 0.9849458
1543778160.551327 -0.0531982 0.2064893 0.0676343 -0.0001321 -0.1791842 -0.0296803 0.9833677
1543778185.705697 -0.0386590 0.2550009 -0.8650864 -0.0153546 0.8988019 0.1818691 -0.3985510
1543778210.816170 0.0675747 0.1830436 -0.0227426 -0.0068055 -0.0621303 -0.0096473 0.9979982
1543778211.822833 -0.3683445 -0.2089633 -0.4737447 0.0080720 -0.5181808 -0.1200891 0.8467597
1543778223.096321 -0.0034560 0.1911149 -0.0714535 -0.0049071 -0.0585642 -0.0035198 0.9982654
1543778225.214686 -0.0315450 0.2568615 -0.9340183 -0.0131383 0.9415628 0.1870874 -0.2797948
1543778234.486534 0.0077588 0.1208838 -0.0698884 0.0075131 -0.0947576 -0.0232957 0.9951994
1543778235.740384 -0.1077105 -0.1913893 -0.8099741 0.0206578 -0.8073631 -0.1708101 0.5644130
1543778236.441375 0.0475807 0.1768929 -0.9903800 -0.0160189 0.9524406 0.2028759 -0.2268076
1543778236.674041 0.0349253 0.1594077 -0.9984071 -0.0109905 0.9453639 0.2050188 -0.2532459
1543778237.036444 0.0521574 0.1655676 -0.9903011 -0.0137764 0.9363798 0.1964201 -0.2905549
1543778238.567118 -0.1360965 -0.2964965 -0.7364371 0.0051529 -0.6875672 -0.1280518 0.7147220
1543778238.937991 -0.0638120 -0.3657180 -0.5331696 -0.0021171 -0.4386353 -0.0697851 0.8959490
1543778239.313902 0.2429954 -0.2801095 -0.2408793 0.0002775 -0.0876372 0.0146135 0.9960452
1543778240.261552 0.1319264 0.2299090 -0.0727172 -0.0026075 -0.0567179 -0.0014978 0.9983857
1543778240.814847 -0.0759946 0.3251543 -0.0659690 -0.0007931 -0.1990901 -0.0473103 0.9788382
1543778241.245735 -0.2357458 0.3229128 -0.1796633 0.0055423 -0.3932770 -0.0862362 0.9153501
1543778241.640594 -0.1769572 0.3374868 -0.3914021 0.0134737 -0.5837861 -0.1264459 0.8018875
1543778243.089339 0.0401085 0.2585036 -0.9849529 -0.0256809 0.9330543 0.1992194 -0.2984321
1543778243.439652 0.0165420 0.2357998 -0.9665136 -0.0231599 0.9280517 0.1918967 -0.3183698
1543778243.988284 -0.1689659 -0.2831220 -0.6834911 0.0026307 -0.7425188 -0.1422414 0.6545429
1543778244.347965 -0.1478848 -0.3795294 -0.5503572 0.0014742 -0.5721262 -0.1033029 0.8136325
1543778247.998505 -0.0770537 0.4670270 -0.9293475 -0.0227620 0.9323308 0.1837110 -0.3106307
1543778248.307216 -0.0715842 0.4255088 -0.9436216 -0.0205904 0.9310419 0.1929057 -0.3090703
1543778250.930550 0.1507558 0.2031461 -0.0175730 -0.0039472 -0.0498579 0.0006772 0.9987483
1543778252.348974 0.1323370 0.2185862 -0.0152472 -0.0017473 -0.0592373 -0.0073455 0.9982154
1543778252.910497 0.0612812 0.2537062 0.0102104 -0.0017215 -0.0673462 -0.0130580 0.9976428
1543778253.477445 -0.0626792 0.2487698 0.0194731 -0.0014676 -0.0427148 -0.0096943 0.9990392
1543778254.121313 -0.1631897 0.2334700 -0.0734630 0.0040214 -0.1269948 -0.0253856 0.9915704
1543778255.323580 -0.7048992 0.3634856 -0.4664322 0.0074828 -0.6238855 -0.1361396 0.7695303
1543778255.640476 -0.8151731 0.3950416 -0.5063217 0.0083988 -0.6566376 -0.1392614 0.7411901
1543778256.011749 -0.9712548 0.4669205 -0.5277926 0.0074239 -0.7178375 -0.1502271 0.6797692
1543778256.339058 -1.1149449 0.6391959 -0.4211119 0.0022553 -0.7063109 -0.1425626 0.6933944
1543778256.606724 -1.1953013 0.8704003 -0.2816298 0.0036534 -0.6954862 -0.1352117 0.7056936
1543778256.840895 -1.2336850 1.0268958 -0.2143473 0.0081512 -0.7072165 -0.1382343 0.6933035
