1543546119.120100 0.0000000 0.0000000 0.0000000 0.0000000 0.0000000 0.0000000 1.0000000
1543546119.215575 -0.0272131 0.0042148 0.0078731 -0.0005663 0.0041198 0.0011854 0.9999906
1543546120.152094 -0.2647539 0.0573192 0.1135715 -0.0027564 0.1093735 0.0274667 0.9936174
1543546120.347461 -0.2772213 0.0626552 0.1198783 -0.0040987 0.1084597 0.0296913 0.9936489
1543546120.544451 -0.2651198 0.0479745 0.1005857 -0.0022991 0.0890378 0.0269685 0.9956604
1543546121.709833 0.0478431 -0.0470624 -0.1229274 0.0045818 -0.0639120 -0.0058783 0.9979277
1543546122.274072 0.2151613 -0.0268407 -0.1273208 -0.0006290 0.0239522 0.0099853 0.9996631
1543546122.539111 0.2740576 -0.0073299 -0.1264364 -0.0026922 0.0778906 0.0207796 0.9967417
1543546122.855068 0.3375512 0.0207069 -0.1358795 -0.0034387 0.1337069 0.0328956 0.9904688
1543546123.166680 0.3474220 0.0468180 -0.1231650 -0.0031297 0.1505860 0.0338956 0.9880107
1543546123.754890 0.3990959 0.0654413 -0.1251361 -0.0046356 0.2027065 0.0477011 0.9780660
1543546124.371096 0.3074419 0.0645492 -0.1031147 -0.0016851 0.1283300 0.0252132 0.9914095
1543546125.180522 0.2145011 0.0265234 -0.1040070 0.0009767 0.0152132 0.0036253 0.9998772
1543546126.479282 0.0433393 -0.0079229 -0.0692713 0.0033118 -0.1735155 -0.0330051 0.9842724
1543546126.934641 -0.0332457 -0.0143147 -0.0261182 0.0048821 -0.2502947 -0.0522976 0.9667438
1543546129.499162 -0.1582230 0.0272429 -0.2988497 0.0095725 -0.4588261 -0.0933684 0.8835549
1543546129.938218 -0.1455175 0.0288404 -0.3569830 0.0065275 -0.5104329 -0.1052650 0.8534254
1543546135.906510 -0.2141758 -0.5028928 -0.8127674 0.0125791 -0.7364383 -0.1500623 0.6595315
1543546136.701687 -0.2532349 -0.3665072 -0.7087305 0.0119635 -0.7278132 -0.1457129 0.6700094
1543546139.021460 -0.1993764 0.1020555 -0.5859931 0.0201186 -0.8138888 -0.1655964 0.5565593
1543546145.471825 -0.2333094 0.2269137 -0.6615185 -0.0165173 0.8776190 0.1768650 -0.4452312
1543546149.222032 -0.1674001 0.2611290 -0.1918697 0.0024543 -0.2124160 -0.0327471 0.9766273
1543546149.625945 -0.0433602 0.2381301 -0.1512604 -0.0006790 -0.0895613 -0.0045692 0.9959706
1543546151.661808 0.0621559 0.2178635 -0.1457458 0.0036332 -0.0733984 -0.0206666 0.9970819
1543546156.216242 -0.1280978 0.2397744 0.1048156 0.0037910 -0.1543332 -0.0263344 0.9876605
1543546163.030044 -0.2368140 0.3822145 -0.8483930 -0.0202178 0.8912055 0.1782689 -0.4166102
1543546167.309286 -0.0534659 0.2048676 0.0011840 0.0061806 -0.1520760 -0.0321213 0.9878274
1543546174.837846 -0.3419648 0.2735963 -0.6661189 0.0273555 -0.7567752 -0.1691106 0.6308284
1543546200.916787 -0.0044710 0.1844768 0.0166009 -0.0016928 -0.0244982 0.0096953 0.9996514
1543546217.845381 -0.0926505 0.2416331 -0.0434588 -0.0031008 -0.0556068 -0.0017979 0.9984463
1543546218.473329 -0.0724029 0.2560309 -0.0316414 -0.0027466 -0.0374453 0.0009887 0.9992944
1543546219.739644 -0.1124966 0.2989023 -1.0154074 -0.0318002 0.9430591 0.1912294 -0.2702951
1543546220.411255 -0.1367351 0.3273142 -0.9509218 -0.0166066 0.9380101 0.1797018 -0.2959198
1543546222.927122 -0.0020274 0.1578111 -0.0569763 0.0068256 -0.0017628 0.0065576 0.9999536
1543546223.572126 -0.0215357 0.1613474 -0.0488902 0.0069812 -0.0210640 -0.0038847 0.9997462
1543546229.812412 -0.1479090 0.0479534 -0.1206186 0.0042256 -0.1697317 -0.0372166 0.9847782
1543546231.276823 -0.0119146 0.0994359 -1.0809957 -0.0279524 0.9419950 0.2118152 -0.2588407
1543546231.441307 -0.0629294 0.1911065 -0.9475052 -0.0253698 0.9595078 0.2041102 -0.1924581
1543546231.643107 -0.0524180 0.2285414 -1.0243561 -0.0166687 0.9497417 0.1994789 -0.2406680
1543546231.884606 -0.0355785 0.2495466 -1.0384774 -0.0164398 0.9420185 0.1908077 -0.2755418
1543546232.141717 -0.0350457 0.2449637 -1.0162210 -0.0169187 0.9357904 0.1855500 -0.2993013
1543546233.135067 -0.1354820 0.1405986 -0.9978971 -0.0142267 0.8990510 0.1748320 -0.4011717
1543546234.605481 0.2154627 -0.2130748 -0.1947039 0.0010138 -0.0169503 0.0307942 0.9993815
1543546235.555345 0.0409235 0.3026969 -0.0514151 0.0007670 -0.0711657 -0.0075454 0.9974357
1543546236.058596 -0.1586014 0.3838831 -0.1127011 0.0011255 -0.2181818 -0.0480357 0.9747246
1543546236.353637 -0.2841379 0.3835015 -0.1610948 0.0075461 -0.3543735 -0.0767011 0.9319224
1543546236.784275 -0.4191819 0.3926433 -0.3356471 0.0163954 -0.5613708 -0.1195048 0.8187262
1543546237.463211 -0.1645170 0.3725781 -0.9238718 -0.0395968 0.8894897 0.1905127 -0.4134552
1543546237.744071 -0.0658385 0.2815788 -1.0095284 -0.0374626 0.9326386 0.2005978 -0.2975607
1543546238.381028 -0.0583650 0.3254671 -1.0165839 -0.0263963 0.9310493 0.1927593 -0.3086978
1543546238.706624 -0.0813724 0.3033252 -0.9702947 -0.0191467 0.9075936 0.1490062 -0.3920515
1543546239.333662 -0.2585004 -0.3500183 -0.6394055 0.0018847 -0.6406580 -0.1185708 0.7586137
1543546239.578442 -0.2150216 -0.4077843 -0.5421557 0.0012370 -0.5345117 -0.0956845 0.8397262
1543546239.931247 -0.0222204 -0.4419107 -0.3314878 -0.0125923 -0.2907424 -0.0378977 0.9559676
1543546240.827438 0.0495432 0.3322268 0.0343580 0.0000857 -0.0729277 -0.0032254 0.9973320
1543546241.313310 0.0268685 0.3096731 0.0172592 0.0023483 -0.1135275 -0.0099871 0.9934819
1543546242.800030 -0.1673001 0.5356974 -0.9677699 -0.0259333 0.9390548 0.1879712 -0.2866536
1543546243.118767 -0.1849272 0.4821019 -0.9360979 -0.0203645 0.9313440 0.1874136 -0.3115441
1543546243.479264 -0.1756806 0.4838800 -0.9424538 -0.0206209 0.9307162 0.1847918 -0.3149510
1543546244.612146 -0.0745136 -0.1796427 -0.1529592 -0.0149727 -0.2464175 -0.0163726 0.9689098
1543546245.102402 0.1404592 0.2639726 0.0287725 -0.0168806 0.0494572 0.0394857 0.9978526
1543546248.459371 -0.0831928 0.2987896 0.0533084 0.0012422 -0.0332869 -0.0058681 0.9994279
1543546248.988698 -0.2087746 0.2712969 0.0014352 0.0062649 -0.0403695 -0.0066120 0.9991433
1543546249.549451 -0.3154484 0.2683993 -0.0891803 0.0069462 -0.1448852 -0.0302384 0.9889619
1543546250.451785 -0.8163575 0.4155188 -0.4639074 0.0103218 -0.6149021 -0.1332258 0.7771999
1543546250.778072 -0.9448094 0.4447336 -0.5023205 0.0096648 -0.6441558 -0.1345797 0.7528998
1543546251.120211 -1.1041545 0.5239334 -0.5373742 0.0099345 -0.7026094 -0.1433152 0.6969233
1543546251.445895 -1.2567344 0.6589203 -0.4545477 0.0065168 -0.7124853 -0.1411363 0.6873156
1543546251.729082 -1.3424346 0.9389132 -0.2877739 0.0073645 -0.6800693 -0.1290603 0.7216612
1543546251.959258 -1.4065483 1.1120554 -0.1971484 0.0107697 -0.6975991 -0.1302165 0.7044737
