1543782004.559692 0.0000000 0.0000000 0.0000000 0.0000000 0.0000000 0.0000000 1.0000000
1543782004.712839 -0.0118517 -0.0028501 0.0084581 0.0002450 -0.0142803 -0.0041216 0.9998895
1543782004.802928 -0.0131209 -0.0034300 0.0103885 0.0002544 -0.0187482 -0.0050456 0.9998115
1543782005.813195 -0.0871084 -0.0167021 -0.0291474 0.0002428 -0.2139445 -0.0457401 0.9757743
1543782008.858443 -0.3274781 -0.0252461 0.2295724 -0.0015032 0.1004655 0.0202731 0.9947329
1543782009.113029 -0.3469134 -0.0193555 0.2457559 -0.0043074 0.1061143 0.0242573 0.9940487
1543782009.334917 -0.3374395 -0.0289354 0.2266481 -0.0004696 0.0844382 0.0203685 0.9962204
1543782011.262292 0.1852717 -0.1084459 -0.0017069 -0.0040211 0.0508266 0.0100451 0.9986489
1543782011.602094 0.2592945 -0.0803658 -0.0116159 -0.0047798 0.1172449 0.0233286 0.9928175
1543782011.889109 0.2796569 -0.0487164 0.0006201 -0.0056133 0.1461927 0.0280584 0.9888422
1543782013.580500 0.1948375 -0.0505994 0.0223004 -0.0028767 0.0679733 0.0090465 0.9976420
1543782014.486016 0.0651454 -0.0915288 0.0137450 -0.0007379 -0.0619110 -0.0185287 0.9979094
1543782014.961989 -0.0079905 -0.1009898 0.0215026 -0.0003693 -0.1289308 -0.0314429 0.9911549
1543782015.425977 -0.0333096 -0.1004343 0.0733996 -0.0007872 -0.1958835 -0.0414380 0.9797509
1543782018.695696 -0.2146325 -0.0496081 -0.2296859 0.0043700 -0.5076550 -0.1089176 0.8546370
1543782018.951856 -0.2287923 -0.0600345 -0.2421212 0.0022671 -0.5292325 -0.1132953 0.8408757
1543782022.508234 -0.2708937 -0.0927512 -0.4257527 0.0094978 -0.6868358 -0.1400605 0.7131265
1543782034.496769 -0.3148490 0.1458382 -0.5352694 -0.0095051 0.8763412 0.1804660 -0.4465063
1543782038.105839 -0.2140498 0.1722412 -0.0615244 -0.0012791 -0.1956390 -0.0328975 0.9801232
1543782038.525303 -0.0904578 0.1506143 -0.0273777 -0.0032244 -0.0755567 -0.0066212 0.9971143
1543782038.940141 0.0656096 0.1434136 -0.0016180 -0.0071593 0.0430034 0.0184240 0.9988794
1543782039.332457 0.1571884 0.1243751 -0.0101934 -0.0045909 0.0947731 0.0258962 0.9951515
1543782040.156037 0.1262309 0.1274637 -0.0107129 -0.0010104 0.0887668 0.0138956 0.9959550
1543782040.731803 -0.0886917 0.1296401 -0.0416723 -0.0002810 -0.1689486 -0.0451741 0.9845890
1543782048.060851 -0.3223203 0.2728135 -0.6992758 -0.0101914 0.8945193 0.1819595 -0.4081937
1543782063.259026 -0.4065468 0.1337058 -0.1751387 0.0122229 -0.4918812 -0.1174264 0.8626207
1543782073.509426 -0.3029280 -0.0089415 0.0563054 -0.0051467 -0.4412984 -0.1034671 0.8913606
1543782088.703380 -0.1928000 0.1073622 0.0910302 -0.0165681 -0.1535082 -0.0039058 0.9880008
1543782108.047483 -0.6016308 0.1429675 -0.3202008 0.0106255 -0.5114920 -0.1214042 0.8506021
1543782108.690234 -0.1805590 0.1689883 -0.7847074 -0.0202972 0.9634071 0.1995673 -0.1777854
1543782109.056801 -0.2125481 0.1725413 -0.7809761 -0.0083358 0.9519890 0.1939618 -0.2366988
1543782111.101830 -0.4609322 0.1465962 -0.1154986 -0.0240318 -0.4733591 -0.0874762 0.8761858
1543782114.517748 -0.4133891 0.3038190 -0.7838454 -0.0072877 0.8681467 0.1911896 -0.4579463
1543782117.661566 -0.0020778 0.1675632 0.1171033 0.0013582 0.0681102 0.0138147 0.9975812
1543782119.369714 -0.4037444 -0.2783133 -0.4816374 0.0146722 -0.6003886 -0.1303816 0.7888719
1543782119.951107 -0.1440468 -0.0870342 -0.8296241 -0.0260657 0.9199167 0.2041415 -0.3337663
1543782120.213744 -0.1716589 -0.0294869 -0.8241771 -0.0060716 0.9558686 0.2344810 -0.1769096
1543782120.379864 -0.1676584 0.0865981 -0.8004944 -0.0111584 0.9561626 0.2098958 -0.2038928
1543782120.575746 -0.1697021 0.0955127 -0.8051056 -0.0090353 0.9507271 0.2068438 -0.2307639
1543782121.894273 -0.1671703 0.0979902 -0.7549702 -0.0109335 0.9153510 0.1669327 -0.3662602
1543782122.475700 -0.3028513 -0.3049870 -0.6586476 0.0076438 -0.7195830 -0.1355805 0.6809990
1543782123.052250 -0.1237933 -0.4648244 -0.3378527 -0.0041204 -0.3140608 -0.0459865 0.9482796
1543782123.567098 0.1264217 -0.1661049 0.0060952 -0.0073579 0.0172110 0.0252436 0.9995061
1543782124.576859 -0.1047903 0.2631539 0.0821709 -0.0024144 -0.1120602 -0.0255697 0.9933695
1543782125.024869 -0.3282311 0.2787431 0.0141548 -0.0009630 -0.3000976 -0.0714431 0.9512289
1543782126.529461 -0.1719150 0.1439345 -0.7993966 -0.0318868 0.9378806 0.2101792 -0.2742042
1543782126.838135 -0.1759693 0.1569525 -0.8103331 -0.0247678 0.9369593 0.2104986 -0.2778205
1543782127.182065 -0.1732190 0.1627263 -0.8167619 -0.0189534 0.9354367 0.2087035 -0.2846785
1543782127.532089 -0.1642884 0.1653948 -0.7598466 -0.0141549 0.9138685 0.1592755 -0.3731960
1543782127.828080 -0.3207906 -0.2088207 -0.6729648 0.0079421 -0.8040724 -0.1560701 0.5736259
1543782128.177265 -0.3312402 -0.4324202 -0.5034536 0.0002962 -0.6289353 -0.1201984 0.7681097
1543782128.512086 -0.3294577 -0.4969031 -0.4300154 0.0018824 -0.4572655 -0.0886584 0.8848980
1543782130.248898 -0.0355960 0.2289287 0.1489614 -0.0021310 -0.1106578 -0.0134522 0.9937652
1543782132.342491 -0.2713508 0.2968881 -0.7787678 -0.0085273 0.9323633 0.2030614 -0.2989851
1543782134.139616 0.0656612 0.2070084 0.1606000 -0.0152711 0.0418415 0.0254986 0.9986821
1543782134.669367 0.0313882 0.1641141 0.1288690 -0.0068224 -0.0325284 0.0040421 0.9994394
1543782136.432095 0.0040632 0.1777483 0.1304346 -0.0026520 -0.0569902 -0.0113058 0.9983072
1543782137.040829 -0.1068827 0.2213070 0.1595694 -0.0019121 -0.0614472 -0.0168939 0.9979655
1543782137.587617 -0.2406409 0.2004367 0.1575947 -0.0003964 -0.0363374 -0.0130234 0.9992546
1543782138.105848 -0.3229497 0.1899781 0.0589073 0.0029796 -0.1165503 -0.0267942 0.9928188
1543782139.707046 -1.0613704 0.3774987 -0.4134580 0.0039287 -0.6609758 -0.1423740 0.7367668
1543782139.994026 -1.2062403 0.4520981 -0.4153596 0.0024459 -0.7172071 -0.1530271 0.6798460
1543782140.228477 -1.3127046 0.5584746 -0.3463141 -0.0023168 -0.7149627 -0.1498489 0.6829116
1543782140.493240 -1.3976868 0.7932401 -0.1991128 -0.0065879 -0.6781420 -0.1381823 0.7217935
1543782140.706779 -1.4400946 0.9378877 -0.1411332 -0.0068030 -0.6977829 -0.1410994 0.7022419
1543782144.330586 -1.4549230 1.0655230 -0.0986690 0.0018946 -0.6986698 -0.1443006 0.7007384
1543782145.662607 -1.4532545 1.0660214 -0.0999396 0.0016066 -0.6979142 -0.1438124 0.7015919
1543782146.090771 -1.4511890 1.0663871 -0.0995354 0.0014545 -0.6979055 -0.1438308 0.7015971
