1543546412.198656 0.0000000 0.0000000 0.0000000 0.0000000 0.0000000 0.0000000 1.0000000
1543546412.303413 -0.0060111 -0.0013487 0.0042032 -0.0004357 -0.0022004 -0.0010962 0.9999969
1543546412.394399 -0.0085603 -0.0021157 0.0076252 -0.0006963 -0.0084816 -0.0027486 0.9999600
1543546412.927379 -0.0659460 -0.0081444 -0.0145920 0.0054029 -0.1306624 -0.0323556 0.9908841
1543546416.237062 -0.2429999 -0.0234253 0.1728162 0.0006358 0.0763735 0.0109764 0.9970186
1543546416.473729 -0.2661810 -0.0200300 0.1964585 -0.0016380 0.1116983 0.0224779 0.9934866
1543546416.984600 -0.2716759 -0.0266705 0.1887284 -0.0001171 0.0910768 0.0227674 0.9955836
1543546418.170069 -0.0096662 -0.1089179 -0.0021266 0.0018616 -0.0539655 -0.0092795 0.9984980
1543546418.970162 0.1757372 -0.0769590 -0.0055185 -0.0034323 0.0840424 0.0168331 0.9963141
1543546419.278922 0.2302709 -0.0542603 -0.0129774 -0.0039290 0.1391005 0.0285728 0.9898582
1543546419.786948 0.2491282 -0.0363695 -0.0065455 -0.0049312 0.1621947 0.0309428 0.9862612
1543546420.269928 0.2875226 -0.0118230 -0.0000520 -0.0040657 0.2173133 0.0448860 0.9750608
1543546420.502034 0.2493894 -0.0011350 0.0092127 -0.0024215 0.1804204 0.0322011 0.9830593
1543546422.458834 0.0073562 -0.0829797 0.0149254 -0.0008330 -0.1055129 -0.0267533 0.9940577
1543546422.930083 -0.0194317 -0.0791156 0.0485633 -0.0006480 -0.1723232 -0.0365044 0.9843636
1543546426.573476 -0.1907682 -0.0468335 -0.1987166 0.0022288 -0.5202690 -0.1107160 0.8467923
1543546426.774898 -0.2140515 -0.0400719 -0.1996236 0.0019349 -0.5264244 -0.1122414 0.8427784
1543546431.598901 -0.2468386 -0.5074529 -0.5262579 0.0090860 -0.6273945 -0.1282610 0.7680122
1543546433.254507 -0.2731535 -0.3370326 -0.4433184 0.0076612 -0.7366561 -0.1482142 0.6597815
1543546436.843138 -0.2035585 0.0165314 -0.4426358 -0.0161351 0.8804836 0.1842432 -0.4365121
1543546445.806292 -0.1643899 0.1406171 -0.0420796 -0.0024557 -0.1656493 -0.0261477 0.9858350
1543546446.232509 -0.0450481 0.1230581 -0.0181714 -0.0038823 -0.0393119 0.0014184 0.9992185
1543546446.689559 0.0905869 0.1149110 -0.0042839 -0.0057227 0.0765713 0.0242689 0.9967523
1543546447.056299 0.1445802 0.1039597 -0.0150169 -0.0040791 0.1132501 0.0278003 0.9931691
1543546447.759335 0.1077344 0.1092274 -0.0134089 -0.0005504 0.0977641 0.0151809 0.9950936
1543546448.248171 -0.0436469 0.1090782 -0.0286812 -0.0003847 -0.1196948 -0.0351339 0.9921888
1543546473.758825 -0.3407100 0.0913529 -0.1934974 -0.0146850 -0.5957651 -0.1093567 0.7955434
1543546504.623599 -0.2829455 0.3189688 -0.8018570 -0.0161397 0.8940647 0.1834706 -0.4083215
1543546507.000608 -0.0726826 0.1435235 0.1196956 -0.0147925 -0.0785869 -0.0009814 0.9967970
1543546507.647475 -0.0589066 0.1525610 0.1470243 -0.0084328 -0.0557844 -0.0131397 0.9983208
1543546515.192358 -0.2154803 0.1477810 0.0443717 -0.0138568 -0.0868066 -0.0211299 0.9959047
1543546516.740051 -0.1829052 0.1785067 -0.7041098 -0.0090269 0.9411950 0.1855526 -0.2822069
1543546518.808751 -0.3167732 0.0941805 -0.0441016 -0.0250816 -0.3152168 -0.0544555 0.9471240
1543546519.222223 -0.0615031 0.0579559 0.0640947 -0.0028349 -0.0099042 0.0037593 0.9999399
1543546523.053413 -0.2326076 0.0861769 -0.6517861 -0.0091747 0.8884538 0.1839521 -0.4203895
1543546526.514024 -0.2850004 -0.1378655 -0.1102939 0.0054934 -0.2933031 -0.0690903 0.9535039
1543546527.735331 -0.0585062 0.0886723 -0.7456045 -0.0327636 0.9488770 0.1954409 -0.2456866
1543546527.834150 -0.1390058 0.2768772 -0.5693972 -0.0540279 0.9717515 0.1437705 -0.1791926
1543546528.163789 -0.1001957 0.1476893 -0.7386804 -0.0146390 0.9448392 0.1891879 -0.2669693
1543546528.406192 -0.1084281 0.1370594 -0.7360784 -0.0114500 0.9377753 0.1869956 -0.2923679
1543546530.636024 -0.1298966 -0.3343076 -0.3337837 0.0024691 -0.3286030 -0.0480051 0.9432442
1543546532.477285 -0.1996362 0.2493238 0.0280648 -0.0000115 -0.2128129 -0.0526373 0.9756742
1543546532.850203 -0.3172318 0.2491588 -0.0339807 0.0049308 -0.3777002 -0.0849020 0.9220141
1543546533.255253 -0.4096428 0.2433224 -0.1912479 0.0110923 -0.5720671 -0.1266461 0.8102944
1543546533.579651 -0.3880559 0.2400074 -0.4128370 0.0215946 -0.7470993 -0.1636598 0.6438881
1543546534.119326 -0.1355749 0.1636158 -0.7135651 -0.0329117 0.9290014 0.1979745 -0.3109331
1543546534.431505 -0.1376123 0.1733280 -0.7211956 -0.0258782 0.9314699 0.1995379 -0.3031152
1543546534.692399 -0.1316364 0.1787756 -0.7269112 -0.0207809 0.9293994 0.1968179 -0.3115248
1543546534.992613 -0.1360058 0.1943893 -0.7087648 -0.0191317 0.9275602 0.1858445 -0.3236170
1543546535.578719 -0.2941993 -0.2798921 -0.4923690 0.0016606 -0.7294803 -0.1412578 0.6692548
1543546535.941094 -0.2646170 -0.3782445 -0.3693210 0.0000358 -0.5570453 -0.1030828 0.8240598
1543546539.590846 -0.2230543 0.3256155 -0.6733741 -0.0148157 0.9281353 0.1865724 -0.3217704
1543546539.874914 -0.2248992 0.2981848 -0.6806157 -0.0131344 0.9274127 0.1937094 -0.3197025
1543546541.846791 0.0507779 0.1716125 0.1280901 -0.0124204 0.0384283 0.0231791 0.9989153
1543546542.322473 0.0297116 0.1381140 0.1048926 -0.0060183 -0.0241059 0.0046216 0.9996806
1543546542.846413 0.0273244 0.1373854 0.1025100 -0.0038014 -0.0320607 -0.0018731 0.9994769
1543546543.988775 0.0079369 0.1493627 0.1046994 -0.0021173 -0.0453341 -0.0093695 0.9989257
1543546544.543486 -0.0616001 0.1830806 0.1306407 -0.0012398 -0.0510299 -0.0133380 0.9986073
1543546545.087408 -0.1759409 0.1769716 0.1409986 0.0007479 -0.0242396 -0.0101508 0.9996544
1543546545.616921 -0.2649438 0.1681145 0.0719753 0.0033347 -0.1006132 -0.0236278 0.9946394
1543546546.946698 -0.7603360 0.2793558 -0.2718304 0.0044306 -0.6104177 -0.1345073 0.7805629
1543546547.254046 -0.8592349 0.3030608 -0.3101500 0.0049759 -0.6468364 -0.1387049 0.7498926
1543546547.556507 -0.9717292 0.3633809 -0.3220173 0.0048419 -0.6985533 -0.1457118 0.7005483
1543546547.837132 -1.0780934 0.4482482 -0.2687892 0.0009726 -0.7118134 -0.1462320 0.6869767
1543546550.080436 -1.2160189 0.9105374 -0.0416849 0.0101630 -0.6941848 -0.1345089 0.7070442
1543546550.983150 -1.2167041 0.9122842 -0.0342460 0.0097909 -0.6945839 -0.1339537 0.7067629
1543546553.615426 -1.2103928 0.9124415 -0.0377859 0.0098639 -0.6932352 -0.1342116 0.7080359
