1543789084.148952 0.0000000 0.0000000 0.0000000 0.0000000 0.0000000 0.0000000 1.0000000
1543789084.242519 -0.0307531 -0.0004087 0.0073189 0.0004470 -0.0052867 -0.0019060 0.9999841
1543789084.331160 -0.0530699 0.0083077 0.0146068 0.0002100 0.0031142 0.0012117 0.9999944
1543789084.837543 -0.2177846 0.0429199 0.0635461 0.0018546 0.0481325 0.0097301 0.9987919
1543789084.984054 -0.2456465 0.0476254 0.0807226 0.0002125 0.0711569 0.0148992 0.9973539
1543789085.617602 -0.2704516 0.0467946 0.0960652 -0.0008271 0.0833451 0.0255218 0.9961935
1543789086.828667 0.0362039 -0.0428145 -0.1131240 0.0046949 -0.0671495 -0.0073721 0.9977046
1543789087.640157 0.2480299 -0.0066568 -0.1146451 -0.0026904 0.0786636 0.0196554 0.9967038
1543789087.925624 0.2960842 0.0161178 -0.1206487 -0.0014716 0.1197068 0.0287478 0.9923919
1543789088.219836 0.3104316 0.0430138 -0.1076829 -0.0022909 0.1443946 0.0313535 0.9890206
1543789088.635855 0.3370153 0.0466333 -0.1110902 -0.0026246 0.1693997 0.0375583 0.9848280
1543789089.355264 0.2895855 0.0685305 -0.0932368 -0.0002166 0.1338515 0.0257527 0.9906667
1543789089.738188 0.2409846 0.0412510 -0.0893449 0.0000654 0.0802450 0.0155279 0.9966542
1543789091.053159 0.0629506 -0.0117532 -0.0934761 0.0032653 -0.1059635 -0.0226517 0.9941066
1543789091.557516 0.0216132 -0.0093032 -0.0601191 0.0031224 -0.1787080 -0.0345231 0.9832913
1543789095.462096 -0.2030672 0.0462844 -0.3433266 0.0091810 -0.5363601 -0.1152208 0.8360369
1543789095.658972 -0.2246466 0.0406684 -0.3596963 0.0096539 -0.5439647 -0.1166992 0.8308973
1543789100.854872 -0.2163282 -0.4631063 -0.7527845 0.0164478 -0.7362841 -0.1559100 0.6582608
1543789101.129734 -0.2308249 -0.4159209 -0.7513071 0.0161409 -0.7460808 -0.1578800 0.6466659
1543789107.734201 -0.1824028 0.1703840 -0.5898499 -0.0235287 0.8801205 0.1810209 -0.4382530
1543789113.865613 -0.2496393 0.2676131 -0.2148911 0.0083345 -0.3466752 -0.0611108 0.9359553
1543789114.361139 -0.1640528 0.2482289 -0.1710886 0.0044458 -0.2055264 -0.0318544 0.9781229
1543789114.798053 -0.0404494 0.2257070 -0.1354902 0.0009677 -0.0770784 -0.0029935 0.9970201
1543789115.228272 0.1070605 0.2211783 -0.1097631 -0.0025840 0.0404180 0.0220633 0.9989359
1543789115.644534 0.1985931 0.2021577 -0.1211581 -0.0007607 0.0936449 0.0292897 0.9951745
1543789116.480394 0.1503338 0.2062928 -0.1225861 0.0032755 0.0695802 0.0127839 0.9974890
1543789116.978738 -0.0257317 0.2057790 -0.1457197 0.0040648 -0.1587131 -0.0390802 0.9865426
1543789119.463901 -0.1363256 0.2243391 0.0786684 0.0081921 -0.1563291 -0.0196178 0.9874762
1543789119.986630 -0.1530161 0.2403326 0.0761555 0.0061218 -0.1989951 -0.0326801 0.9794363
1543789131.305292 -0.0405917 0.2149604 0.0315122 0.0080738 -0.1205444 -0.0194463 0.9924846
1543789183.684675 -0.1085805 0.2627098 0.0009009 -0.0011100 -0.0506682 -0.0051047 0.9987019
1543789193.826892 0.0618842 0.2321838 -0.0021988 0.0037981 0.0827508 0.0239240 0.9962758
1543789196.657872 -0.1018782 0.2239680 -0.9593609 -0.0181626 0.9502298 0.2178195 -0.2220090
1543789197.021711 -0.1075923 0.2049635 -0.9951762 -0.0120840 0.9366196 0.2190998 -0.2731169
1543789197.268784 -0.0625847 0.2727013 -0.9602280 -0.0235316 0.9334487 0.1967542 -0.2990112
1543789197.775244 -0.0506172 0.2918377 -0.9455128 -0.0266604 0.9352094 0.1953302 -0.2941406
1543789199.136226 -0.1817393 -0.3200041 -0.5557133 0.0055203 -0.4592572 -0.0808218 0.8846017
1543789199.371514 -0.0463365 -0.3449648 -0.3941574 -0.0008042 -0.2812494 -0.0362891 0.9589480
1543789201.315796 -0.2633429 0.3466416 -0.0992801 0.0050910 -0.3010344 -0.0683605 0.9511463
1543789201.803909 -0.3945391 0.3684256 -0.2728019 0.0170901 -0.5360567 -0.1179178 0.8357311
1543789202.509614 -0.2573308 0.4192380 -0.8307084 -0.0428815 0.8743313 0.1897244 -0.4446466
1543789202.744067 -0.0950484 0.3267792 -0.9455503 -0.0457753 0.9272996 0.2064429 -0.3088713
1543789203.320264 -0.0774407 0.3693674 -0.9427043 -0.0365882 0.9303418 0.1972992 -0.3069176
1543789203.604660 -0.0869687 0.3633209 -0.9399803 -0.0321775 0.9285807 0.1962519 -0.3133491
1543789203.915021 -0.2242956 0.0650188 -0.8747292 -0.0225122 0.8669248 0.1829371 -0.4631076
1543789204.541260 -0.2579765 -0.3325327 -0.5687413 0.0057417 -0.5943218 -0.1144902 0.7960154
1543789208.518027 -0.1978716 0.4852144 -0.9098766 -0.0253625 0.9272870 0.1984033 -0.3164357
1543789208.783308 -0.2196246 0.5261959 -0.9223706 -0.0322208 0.9172880 0.1872626 -0.3499674
1543789210.402426 0.1106919 0.2809841 0.0398557 -0.0105946 0.0430879 0.0310819 0.9985315
1543789210.877177 0.0744424 0.2371001 0.0115399 -0.0028434 -0.0278349 0.0098049 0.9995604
1543789212.773891 0.0381483 0.2583659 0.0179971 0.0026163 -0.0628959 -0.0087431 0.9979783
1543789213.330855 -0.0559578 0.2901128 0.0387552 0.0022765 -0.0636312 -0.0133635 0.9978814
1543789213.862491 -0.1812382 0.2695426 0.0359982 0.0038088 -0.0381869 -0.0091968 0.9992210
1543789214.433861 -0.2560069 0.2594915 -0.0596952 0.0080495 -0.1177655 -0.0226933 0.9927495
1543789216.200055 -1.0523816 0.5120093 -0.4974652 0.0140024 -0.7050441 -0.1491485 0.6931605
1543789216.439649 -1.1657118 0.5929773 -0.4520023 0.0116355 -0.7188607 -0.1504138 0.6785864
1543789216.670231 -1.2418977 0.7767166 -0.3212008 0.0074947 -0.6838962 -0.1354712 0.7168524
1543789216.870281 -1.2880933 0.9249339 -0.2469296 0.0090564 -0.6944379 -0.1367000 0.7063903
1543789217.365839 -1.3257695 1.1204855 -0.1664014 0.0200499 -0.7025492 -0.1375688 0.6979237
1543789220.604333 -1.3286824 1.1227168 -0.1644989 0.0207703 -0.7012851 -0.1378804 0.6991115
1543789221.504006 -1.3301127 1.1229738 -0.1641646 0.0211556 -0.7011041 -0.1379473 0.6992682
