1543542043.077814 0.0000000 0.0000000 0.0000000 0.0000000 0.0000000 0.0000000 1.0000000
1543542043.174527 -0.0209195 -0.0005299 0.0007336 -0.0002340 -0.0070351 -0.0019045 0.9999734
1543542043.293272 -0.0659337 0.0025382 0.0067140 -0.0001767 -0.0019369 -0.0009386 0.9999977
1543542043.574688 -0.1431162 0.0239946 0.0456493 -0.0028895 0.0584430 0.0126708 0.9982061
1543542043.676799 -0.1568014 0.0228430 0.0537546 -0.0048893 0.0705695 0.0163412 0.9973610
1543542044.313936 -0.1738939 0.0215074 0.0619380 -0.0035566 0.0731469 0.0239538 0.9970271
1543542045.228025 0.0523451 -0.0645671 -0.1149485 0.0024856 -0.0813043 -0.0078659 0.9966552
1543542045.631274 0.1658168 -0.0581918 -0.1306283 -0.0006272 -0.0495265 -0.0030288 0.9987680
1543542046.860901 0.3745239 0.0218351 -0.1225031 -0.0048471 0.1418794 0.0311184 0.9893829
1543542047.358085 0.4092632 0.0306966 -0.1249189 -0.0040490 0.1726362 0.0392061 0.9841968
1543542047.665410 0.4203487 0.0530337 -0.1098988 -0.0044585 0.2027064 0.0449683 0.9781964
1543542048.373576 0.3135155 0.0220654 -0.1045538 -0.0019792 0.0821181 0.0172012 0.9964722
1543542048.663924 0.2821408 0.0136685 -0.1070948 -0.0013367 0.0369384 0.0083965 0.9992813
1543542048.981001 0.2482816 0.0052544 -0.1086455 0.0016591 -0.0047086 -0.0006467 0.9999873
1543542050.055655 0.1066491 -0.0292224 -0.0954120 0.0011491 -0.1650966 -0.0321274 0.9857534
1543542053.070706 -0.0982831 0.0022095 -0.2494188 0.0106105 -0.4468874 -0.0903894 0.8899488
1543542053.645123 -0.0634473 0.0116291 -0.3366905 0.0068864 -0.5174232 -0.1072662 0.8489522
1543542053.867503 -0.0754116 0.0045754 -0.3430696 0.0053237 -0.5362476 -0.1109221 0.8367237
1543542061.034595 -0.1359873 -0.1189292 -0.5376601 0.0144514 -0.7548517 -0.1489901 0.6385859
1543542066.394125 -0.0705322 0.0860772 -0.6071034 -0.0171947 0.8834130 0.1813027 -0.4317581
1543542069.071781 -0.1047313 0.1577914 -0.6262249 -0.0178433 0.8907899 0.1826071 -0.4157279
1543542073.157839 -0.0402209 0.2115298 -0.1755711 -0.0000528 -0.1736539 -0.0239649 0.9845151
1543542074.220687 0.2560861 0.1735525 -0.1362040 -0.0042056 0.0859757 0.0277388 0.9959021
1543542075.414639 0.1216314 0.1781405 -0.1498645 0.0022657 -0.0836068 -0.0228052 0.9962353
1543542075.837916 -0.0146144 0.1782956 -0.1872520 0.0027164 -0.2776808 -0.0624780 0.9586357
1543542086.699739 -0.1335118 0.3321218 -0.7867602 -0.0205254 0.8960582 0.1804413 -0.4050917
1543542114.199939 -0.2363238 0.2467495 -1.1578994 -0.0206071 0.9048358 0.2209294 -0.3633698
1543542123.390205 -0.1961919 0.1744962 -0.1224351 -0.0181572 -0.3335555 -0.0400615 0.9417038
1543542127.641194 -0.1788110 -0.4322949 -0.5315214 0.0002944 -0.6172172 -0.1113667 0.7788711
1543542133.470700 -0.2271163 -0.4445758 -0.6038817 0.0010014 -0.5694901 -0.0966344 0.8162977
1543542134.482210 0.0695365 0.2126290 0.0107745 -0.0139464 -0.0573876 0.0016435 0.9982532
1543542135.412237 -0.4639042 0.3824405 -0.1168430 -0.0083684 -0.4682491 -0.1266727 0.8744294
1543542139.741493 -0.3817204 -0.0320176 -0.3678730 -0.0102764 -0.5077412 -0.0994317 0.8556907
1543542146.120662 -0.2295154 0.1628396 -0.1556105 -0.0229920 -0.3350112 -0.0546227 0.9403484
1543542147.037331 0.0401685 0.1303755 -0.0632740 0.0069538 -0.0251696 -0.0053075 0.9996449
1543542152.671549 0.1095978 0.2057221 -0.0286873 0.0014997 0.0451011 0.0115058 0.9989151
1543542156.180419 0.0522678 0.1940376 -0.9736593 -0.0164407 0.9366492 0.1936633 -0.2913975
1543542157.847230 -0.0623487 -0.3501697 -0.5172460 -0.0008509 -0.4400863 -0.0692573 0.8952802
1543542158.171836 0.1261223 -0.3251801 -0.3017580 -0.0050217 -0.1358774 -0.0036236 0.9907063
1543542158.532880 0.2261335 -0.0550230 -0.1133633 -0.0049450 0.0082738 0.0286081 0.9995443
1543542158.936322 0.1664183 0.1676623 -0.0714269 -0.0048584 -0.0157874 0.0114256 0.9997983
1543542159.754728 -0.0881719 0.3209575 -0.0776654 -0.0005607 -0.2148099 -0.0491955 0.9754159
1543542160.466486 -0.3061026 0.3274460 -0.2854236 0.0136115 -0.5422227 -0.1178536 0.8318172
1543542161.077624 -0.2011269 0.3295681 -0.7498053 0.0324463 -0.8353521 -0.1816356 0.5178249
1543542161.528701 0.0234610 0.2403345 -0.9676674 -0.0347383 0.9369922 0.2064128 -0.2797009
1543542162.205306 0.0294357 0.2697406 -0.9640481 -0.0238984 0.9330695 0.1976422 -0.2995791
1543542162.438958 -0.0482844 0.1368952 -0.9146171 -0.0204757 0.9107029 0.1891010 -0.3666629
1543542162.643895 -0.1279527 -0.0776236 -0.7994957 -0.0129809 0.8495619 0.1683915 -0.4997203
1543542162.907834 -0.1758031 -0.2713497 -0.6585379 0.0043223 -0.7293556 -0.1376070 0.6701388
1543542163.474106 -0.0777472 -0.3825337 -0.4183583 0.0012359 -0.4518673 -0.0756015 0.8888751
1543542163.833939 0.2263093 -0.3422481 -0.1115043 -0.0270079 -0.1455599 0.0079357 0.9889489
1543542164.553342 0.1060098 0.2779175 0.0113898 -0.0041383 -0.0823085 -0.0056382 0.9965824
1543542164.934744 0.0838895 0.2572997 -0.0056770 -0.0008075 -0.1193613 -0.0123573 0.9927737
1543542165.381741 0.0675287 0.2809456 0.0254202 -0.0000622 -0.1317622 -0.0173948 0.9911287
1543542165.820040 -0.3821563 0.3847861 -0.3152282 0.0133578 -0.5924447 -0.1403670 0.7931759
1543542166.138023 -0.1476856 0.2813700 -0.9722013 -0.0217203 0.8963846 0.2586751 -0.3593189
1543542166.362928 -0.0790642 0.4467456 -0.9231154 -0.0242552 0.9390061 0.2037073 -0.2760120
1543542166.584443 -0.0711699 0.4271524 -0.8998803 -0.0213617 0.9403603 0.1990310 -0.2750506
1543542166.771282 -0.0796913 0.4264268 -0.8897164 -0.0211417 0.9355152 0.1937404 -0.2946676
1543542167.044524 -0.0766330 0.4201625 -0.8900789 -0.0204307 0.9325281 0.1899192 -0.3064384
1543542167.306059 -0.0808981 0.4220277 -0.9006912 -0.0218288 0.9314252 0.1919318 -0.3084359
1543542169.045708 0.1850394 0.2457054 0.0155035 -0.0156885 0.0389767 0.0299097 0.9986691
1543542169.416180 0.1531603 0.2063067 -0.0102617 -0.0067095 -0.0227784 0.0120709 0.9996452
1543542171.830130 0.0619795 0.2519084 0.0108125 -0.0009863 -0.0681144 -0.0125448 0.9975982
1543542172.306978 -0.0429112 0.2473821 0.0234349 -0.0017612 -0.0412771 -0.0088074 0.9991074
1543542172.796584 -0.1412348 0.2366412 -0.0330673 0.0052304 -0.0617520 -0.0111563 0.9980155
1543542173.243273 -0.2020665 0.2278447 -0.1056895 0.0051153 -0.1361371 -0.0280402 0.9902799
1543542174.003589 -0.6284518 0.3572241 -0.4332503 0.0144154 -0.5971305 -0.1372191 0.7901888
1543542174.413988 -0.7605374 0.3779656 -0.4689385 0.0071947 -0.6394447 -0.1369929 0.7564996
1543542174.733431 -0.8895187 0.4352636 -0.5150822 0.0098317 -0.6734221 -0.1394141 0.7259268
1543542175.331915 -1.1416023 0.7409133 -0.3506886 0.0043854 -0.6895587 -0.1340495 0.7117024
1543542178.297810 -1.2404869 1.0829170 -0.1909731 0.0167939 -0.7077155 -0.1367602 0.6929311
1543542178.456682 -1.2400182 1.0837651 -0.1910921 0.0176175 -0.7076742 -0.1370624 0.6928930
1543542179.263669 -1.2413672 1.0831745 -0.1904320 0.0169323 -0.7073060 -0.1372235 0.6932541
