1543545330.659522 0.0000000 0.0000000 0.0000000 0.0000000 0.0000000 0.0000000 1.0000000
1543545330.749370 -0.0227539 -0.0003924 0.0013906 -0.0001740 -0.0069285 -0.0019671 0.9999740
1543545330.837015 -0.0598697 -0.0000258 0.0037580 -0.0009911 -0.0053843 -0.0011485 0.9999843
1543545331.432344 -0.1908579 0.0335817 0.0829832 -0.0057302 0.0976372 0.0241991 0.9949113
1543545331.571851 -0.2004354 0.0366022 0.0900713 -0.0067964 0.1018584 0.0274230 0.9943976
1543545331.751417 -0.2033112 0.0329612 0.0850641 -0.0074806 0.0893698 0.0249178 0.9956586
1543545332.958376 0.0965197 -0.0655943 -0.1332567 0.0051211 -0.0742287 -0.0070516 0.9972032
1543545333.147737 0.1547109 -0.0594665 -0.1400025 0.0017241 -0.0593211 -0.0052870 0.9982235
1543545334.171450 0.4014041 0.0061568 -0.1416458 -0.0015187 0.1209491 0.0298282 0.9922093
1543545334.703050 0.4248796 0.0277668 -0.1328178 -0.0023820 0.1481361 0.0331242 0.9884092
1543545335.070745 0.4634962 0.0470438 -0.1308461 -0.0034457 0.1887743 0.0453934 0.9809647
1543545335.364607 0.4305045 0.0652679 -0.1172897 -0.0013726 0.1713804 0.0355961 0.9845607
1543545336.359774 0.2937368 0.0166410 -0.1126022 0.0015948 0.0240969 0.0051178 0.9996952
1543545337.625064 0.1172872 -0.0307932 -0.1050717 0.0016060 -0.1628515 -0.0311602 0.9861571
1543545341.257455 -0.0684464 0.0172845 -0.3571320 0.0083965 -0.5208486 -0.1086959 0.8466589
1543545341.966898 -0.1408082 0.0076744 -0.3943438 0.0082094 -0.5534117 -0.1156406 0.8248002
1543545348.773004 -0.1211436 -0.0553990 -0.5406769 0.0171462 -0.7400317 -0.1470539 0.6560749
1543545354.672755 -0.0672863 0.1187964 -0.6455651 -0.0188488 0.8820021 0.1816274 -0.4344289
1543545360.790453 -0.0241175 0.2280426 -0.1796874 0.0008876 -0.1530653 -0.0193958 0.9880253
1543545361.142911 0.0825195 0.2087157 -0.1589439 -0.0019547 -0.0569672 0.0020370 0.9983721
1543545361.527096 0.2162038 0.2040806 -0.1349750 -0.0042668 0.0496608 0.0231658 0.9984883
1543545361.890132 0.2933841 0.1883056 -0.1467731 -0.0020649 0.0930295 0.0284653 0.9952542
1543545362.680191 0.2590725 0.1925539 -0.1467590 0.0015778 0.0797096 0.0161334 0.9966863
1543545363.137149 0.0841231 0.1942456 -0.1693405 0.0032522 -0.1372926 -0.0348603 0.9899116
1543545363.593230 -0.0714332 0.2066023 -0.2021889 0.0042411 -0.3612305 -0.0804540 0.9289896
1543545366.246243 -0.0715360 0.2280067 0.0533704 0.0040712 -0.2036040 -0.0337875 0.9784617
1543545367.415086 -0.0537329 0.2205700 0.0830137 0.0026160 -0.1639733 -0.0281397 0.9860598
1543545420.911687 -0.2466270 -0.4210485 -0.7599812 0.0085191 -0.6668777 -0.1237887 0.7347638
1543545429.572097 -0.0053254 0.2063540 -0.0760813 -0.0017350 -0.0577670 -0.0036040 0.9983221
1543545430.139961 -0.1241907 0.2412072 -0.0935190 -0.0057607 -0.1389716 -0.0284390 0.9898712
1543545431.240319 -0.0030346 0.2507258 -1.0074211 -0.0229060 0.9615611 0.2077440 -0.1780952
1543545431.531354 -0.0034464 0.2889705 -0.9979672 -0.0181935 0.9515535 0.1941031 -0.2377792
1543545434.712289 0.0425927 0.1414495 -0.0646434 0.0068655 -0.0273770 -0.0056764 0.9995855
1543545437.375725 -0.1328351 0.3000917 -0.9999697 -0.0195173 0.9014583 0.1949000 -0.3860129
1543545440.874428 0.0477253 0.1700061 -0.0579884 0.0052901 -0.0606939 -0.0126016 0.9980628
1543545443.459109 0.0794071 0.2398979 -1.0192615 -0.0204445 0.9382476 0.1900716 -0.2883509
1543545445.527967 0.0063716 -0.3734659 -0.5089380 0.0013957 -0.3487783 -0.0494220 0.9359002
1543545447.339242 -0.0954702 0.3515748 -0.0836429 0.0020624 -0.2137902 -0.0492058 0.9756374
1543545447.754388 -0.2607359 0.3492489 -0.1970121 0.0088953 -0.4103091 -0.0914661 0.9073044
1543545449.599598 0.0571060 0.3187708 -1.0313747 -0.0296876 0.9329281 0.1968421 -0.3000284
1543545449.806687 0.0494037 0.3101061 -1.0380101 -0.0263043 0.9319081 0.1979512 -0.3027718
1543545450.082535 -0.0665877 0.0898321 -0.9675009 -0.0198178 0.8926587 0.1833070 -0.4112984
1543545450.286832 -0.1447297 -0.1341492 -0.8197375 0.0114882 -0.8212726 -0.1616672 0.5470311
1543545450.910762 -0.1279783 -0.3920905 -0.5525482 0.0060260 -0.5442204 -0.0976706 0.8332157
1543545451.196383 0.0249506 -0.4395501 -0.4095377 -0.0069607 -0.3305799 -0.0470246 0.9425800
1543545452.027451 0.1786102 0.2846412 0.0332288 -0.0038491 -0.0300216 0.0124304 0.9994645
1543545452.983532 0.0891949 0.2996373 0.0013045 -0.0044416 -0.1560045 -0.0181474 0.9875796
1543545453.975780 -0.0652239 0.5219523 -1.0023735 -0.0280463 0.9390692 0.2003115 -0.2779167
1543545454.184405 -0.0647352 0.4702661 -0.9787887 -0.0220275 0.9385610 0.2010020 -0.2796717
1543545454.377448 -0.0749846 0.4613393 -0.9622233 -0.0207223 0.9335063 0.1959546 -0.2995637
1543545454.583969 -0.0726481 0.4632449 -0.9644849 -0.0217064 0.9313257 0.1930592 -0.3080412
1543545454.851781 -0.0700471 0.4708087 -0.9767951 -0.0220804 0.9309056 0.1927684 -0.3094632
1543545456.665801 0.1960980 0.2694646 0.0191893 -0.0117709 0.0337121 0.0290261 0.9989406
1543545457.117456 0.1642353 0.2261597 -0.0114343 -0.0037273 -0.0330414 0.0084585 0.9994112
1543545457.630374 0.1607078 0.2235154 -0.0168532 -0.0013667 -0.0523559 -0.0009324 0.9986271
1543545459.222088 0.1019482 0.2613691 0.0078823 0.0003117 -0.0659742 -0.0106030 0.9977649
1543545459.759292 -0.0040945 0.2737677 0.0293664 0.0004081 -0.0435159 -0.0080499 0.9990202
1543545460.300804 -0.1354752 0.2502476 -0.0220891 0.0071356 -0.0501942 -0.0100137 0.9986638
1543545460.819359 -0.1856644 0.2412836 -0.1555932 0.0017501 -0.1353224 -0.0292584 0.9903679
1543545461.254502 -0.5440295 0.3213826 -0.2597632 0.0090333 -0.4538695 -0.1084995 0.8843917
1543545461.528859 -0.6704714 0.3750963 -0.4453063 0.0148801 -0.5885596 -0.1382935 0.7963988
1543545462.071531 -0.8578358 0.4122599 -0.5092779 0.0088132 -0.6542682 -0.1410095 0.7429480
1543545462.342194 -0.9621333 0.4658301 -0.5393721 0.0093365 -0.6848557 -0.1443489 0.7141771
1543545462.641001 -1.1193159 0.5619646 -0.5074697 0.0073670 -0.7251827 -0.1525514 0.6714044
1543545462.889606 -1.2110820 0.7410035 -0.3781654 0.0006447 -0.6946924 -0.1383415 0.7058780
1543545463.127838 -1.2750456 0.9399678 -0.2815824 0.0032501 -0.7015162 -0.1384817 0.6990618
1543545463.308477 -1.3120713 1.0896051 -0.2148994 0.0069895 -0.7088472 -0.1388855 0.6915184
