1543540539.022454 0.0000000 0.0000000 0.0000000 0.0000000 0.0000000 0.0000000 1.0000000
1543540539.107425 0.0130671 0.0017617 -0.0068182 0.0009411 0.0012302 -0.0002535 0.9999987
1543540539.458341 0.1009332 0.0100588 -0.0244351 -0.0035257 0.0408065 0.0065684 0.9991392
1543540540.343490 0.2504650 0.0606732 -0.0518024 -0.0055102 0.1975669 0.0374085 0.9795599
1543540540.830924 0.2670449 0.0769911 -0.0481986 -0.0067549 0.2209417 0.0397922 0.9744515
1543540541.017159 0.2810955 0.0825847 -0.0498571 -0.0063589 0.2384329 0.0446719 0.9701102
1543540541.183874 0.2957908 0.0924542 -0.0511548 -0.0063785 0.2592160 0.0500688 0.9644996
1543540542.336917 0.1857193 0.0715032 -0.0178745 -0.0044343 0.1198780 0.0180162 0.9926152
1543540542.560409 0.1661480 0.0660819 -0.0155760 -0.0030495 0.0904224 0.0114316 0.9958332
1543540542.796212 0.1371927 0.0571932 -0.0148701 -0.0016235 0.0559728 0.0030618 0.9984263
1543540543.873053 0.0306397 0.0320594 0.0224521 -0.0030306 -0.0985626 -0.0249408 0.9948136
1543540544.096416 0.0261560 0.0320270 0.0493173 -0.0023268 -0.1341628 -0.0312948 0.9904623
1543540544.326385 -0.0083354 0.0313557 0.0668080 -0.0018847 -0.1790436 -0.0418424 0.9829491
1543540544.526069 -0.0695149 0.0238397 0.0837083 -0.0009911 -0.1983752 -0.0522333 0.9787328
1543540546.980219 -0.1527029 0.0617393 -0.1283617 0.0029886 -0.4000175 -0.0884308 0.9122264
1543540547.856228 -0.1886957 0.0623498 -0.1723318 -0.0024250 -0.4794641 -0.1053467 0.8712120
1543540548.590187 -0.2240500 0.0318115 -0.2278981 0.0023538 -0.5177368 -0.1099226 0.8484457
1543540553.212457 -0.2325018 -0.3657371 -0.5054630 0.0042625 -0.6898639 -0.1447006 0.7093175
1543540553.783660 -0.2568446 -0.3128022 -0.4539914 0.0009852 -0.6769958 -0.1415901 0.7222381
1543540560.650493 -0.1868649 0.1448284 -0.3959378 -0.0096290 0.8545618 0.1726528 -0.4897167
1543540560.755076 -0.1913570 0.1485823 -0.3917109 -0.0092007 0.8507622 0.1719348 -0.4965455
1543540563.592614 -0.3005843 0.2903130 -0.3870804 0.0076159 -0.8053320 -0.1596954 0.5708587
1543540566.394674 -0.1865830 0.2475020 -0.0534093 -0.0004160 -0.2282200 -0.0422132 0.9726940
1543540566.760660 -0.1290402 0.2399082 -0.0378833 -0.0021425 -0.1290407 -0.0215540 0.9914027
1543540567.105505 -0.0482204 0.2262305 -0.0261602 -0.0042365 -0.0248315 0.0021536 0.9996803
1543540567.837042 0.1367014 0.2107556 -0.0353930 -0.0062305 0.1467709 0.0350765 0.9885288
1543540568.202874 0.1769783 0.2053888 -0.0477198 -0.0056195 0.1845979 0.0370831 0.9820982
1543540569.129616 0.0351531 0.2109582 -0.0333442 -0.0016674 -0.0091488 -0.0138496 0.9998608
1543540572.382948 -0.0994464 0.2362855 0.1593171 -0.0008915 -0.1304762 -0.0244606 0.9911492
1543540592.053799 -0.3256456 0.2087715 -0.1954119 0.0086174 -0.5466681 -0.1311492 0.8269702
1543540609.997220 0.0379768 0.1591997 0.0650939 0.0087389 0.0137915 0.0412641 0.9990149
1543540617.325175 -0.1071611 0.1925264 0.0728158 -0.0159528 -0.0929058 0.0055604 0.9955316
1543540632.972366 -0.4163243 0.2921604 -0.5685974 0.0025279 -0.7975066 -0.1649777 0.5803096
1543540637.478601 -0.1669820 0.3080555 -0.6409218 -0.0205868 0.9466643 0.1778679 -0.2678916
1543540639.748841 -0.3321254 0.2108659 -0.0547465 -0.0271664 -0.4131109 -0.0746167 0.9072121
1543540647.267494 -0.1089556 0.0885562 0.0097690 -0.0032781 -0.0839282 -0.0237918 0.9961823
1543540648.637715 -0.1696873 0.0471449 -0.7414546 -0.0175786 0.8981913 0.2113267 -0.3850771
1543540649.133795 -0.1779398 0.1723118 -0.7572720 0.0021458 0.9239139 0.2118888 -0.3185618
1543540651.812068 -0.0253152 -0.2563595 -0.2362241 -0.0115003 -0.1288047 -0.0124084 0.9915257
1543540652.879576 0.0524650 0.2547574 0.0328881 -0.0043258 0.0171392 0.0080857 0.9998111
1543540653.656281 -0.2000026 0.3219925 0.0340021 -0.0033122 -0.2179212 -0.0565560 0.9743207
1543540654.083707 -0.3151008 0.3131662 -0.0620034 0.0016162 -0.4311017 -0.0990079 0.8968534
1543540655.026080 -0.1719461 0.2958741 -0.6524810 -0.0340509 0.8977384 0.1921539 -0.3949470
1543540655.250038 -0.1853734 0.2281621 -0.7192791 -0.0224620 0.9108871 0.2122265 -0.3531856
1543540655.781467 -0.1624730 0.2757698 -0.6939448 -0.0173884 0.9081150 0.1941848 -0.3705632
1543540656.019331 -0.1789044 0.2636905 -0.6934550 -0.0147423 0.9034094 0.1927401 -0.3827341
1543540656.296583 -0.2780995 0.0283233 -0.6444152 0.0100367 -0.8306220 -0.1848433 0.5251660
1543540656.826347 -0.2604241 -0.2438358 -0.3648425 -0.0054146 -0.5742384 -0.1113982 0.8110557
1543540657.115649 -0.2109360 -0.2781319 -0.2957151 -0.0050661 -0.4424586 -0.0834928 0.8928794
1543540658.620776 0.0202138 0.2806606 0.0947461 -0.0031886 -0.0414154 -0.0019977 0.9991349
1543540659.050541 0.0219783 0.2970835 0.1196783 -0.0033697 -0.0467237 -0.0028734 0.9988980
1543540660.691547 -0.2490139 0.3789217 -0.6234643 -0.0102229 0.9062413 0.1909896 -0.3770215
1543540660.899454 -0.2503783 0.3793120 -0.6408426 -0.0095186 0.9053857 0.1920079 -0.3785750
1543540661.156968 -0.2738492 0.3668404 -0.6322799 -0.0107242 0.8946109 0.1898740 -0.4043565
1543540662.057133 -0.0628084 -0.0878901 -0.0250431 -0.0152661 -0.1835049 -0.0104783 0.9828444
1543540663.256553 0.0786362 0.2369639 0.0808847 -0.0078568 0.0416458 0.0185604 0.9989291
1543540665.002181 0.0592365 0.2464030 0.0807197 -0.0039020 0.0128145 0.0010814 0.9999097
1543540665.539597 0.0029858 0.2749430 0.1113575 -0.0037971 0.0065536 -0.0028745 0.9999672
1543540666.014546 -0.0742165 0.2717767 0.1370375 -0.0034306 0.0318879 -0.0000809 0.9994856
1543540666.487084 -0.1648484 0.2547682 0.1060428 0.0026006 0.0189809 -0.0015982 0.9998152
1543540666.951256 -0.2186443 0.2512071 0.0552501 0.0029837 -0.0519379 -0.0169007 0.9985029
1543540667.673383 -0.6217634 0.3325724 -0.1698826 0.0041752 -0.5253018 -0.1285531 0.8411390
1543540667.984379 -0.6932607 0.3479508 -0.1805072 -0.0007946 -0.5646392 -0.1268276 0.8155347
1543540668.304583 -0.7907199 0.3697691 -0.2077197 0.0000174 -0.6023088 -0.1314211 0.7873707
1543540668.887792 -0.9937960 0.5176774 -0.1317504 -0.0046533 -0.6676353 -0.1372974 0.7317041
1543540669.155575 -1.0546693 0.7073802 0.0014552 -0.0041409 -0.6303186 -0.1249024 0.7662119
1543540669.549466 -1.0955981 0.9212525 0.0918504 0.0048198 -0.6546533 -0.1269057 0.7451851
1543540674.784924 -1.0993719 0.9344382 0.0946462 0.0085607 -0.6534330 -0.1272727 0.7461593
1543540674.922417 -1.0994390 0.9344195 0.0947324 0.0083022 -0.6533213 -0.1270217 0.7463028
