1543787293.384348 0.0000000 0.0000000 0.0000000 0.0000000 0.0000000 0.0000000 1.0000000
1543787293.604571 -0.0184316 -0.0034340 0.0091009 -0.0003277 -0.0185011 -0.0056534 0.9998128
1543787293.782683 -0.0334116 -0.0039670 0.0096078 0.0018970 -0.0448286 -0.0113383 0.9989285
1543787297.385384 -0.2852176 -0.0341385 0.2032855 -0.0004982 0.0678944 0.0090973 0.9976509
1543787297.614496 -0.3158852 -0.0290031 0.2318055 -0.0023892 0.1050025 0.0209318 0.9942487
1543787298.075835 -0.3328207 -0.0301991 0.2374350 -0.0038167 0.0959488 0.0236222 0.9950986
1543787299.226453 -0.0403516 -0.1374236 0.0034319 0.0034718 -0.0563972 -0.0089797 0.9983620
1543787299.895835 0.1587044 -0.1162158 -0.0065807 -0.0035575 0.0372394 0.0080211 0.9992679
1543787300.240451 0.2353885 -0.0903568 -0.0136884 -0.0047053 0.1037882 0.0212752 0.9943607
1543787300.526543 0.2858823 -0.0555121 -0.0120456 -0.0039008 0.1533179 0.0317626 0.9876586
1543787301.063676 0.3090916 -0.0416888 -0.0075107 -0.0049148 0.1733376 0.0340195 0.9842625
1543787301.383119 0.3470564 -0.0194219 -0.0056645 -0.0055020 0.2141934 0.0450931 0.9757344
1543787301.669804 0.3026524 -0.0018769 0.0119823 -0.0027390 0.1822421 0.0328169 0.9827021
1543787303.413500 0.0509805 -0.0985148 0.0140971 -0.0011449 -0.0666829 -0.0182489 0.9976067
1543787303.894787 -0.0171934 -0.1012568 0.0327541 -0.0008972 -0.1453147 -0.0325249 0.9888503
1543787304.395920 -0.0606460 -0.0988647 0.0943526 0.0010579 -0.2220354 -0.0477724 0.9738670
1543787307.375952 -0.2229626 -0.0535202 -0.2172376 0.0042135 -0.4963293 -0.1067364 0.8615375
1543787307.639860 -0.2271146 -0.0590217 -0.2426524 0.0029041 -0.5156823 -0.1109924 0.8495552
1543787307.887491 -0.2598055 -0.0548169 -0.2461960 0.0018396 -0.5268199 -0.1133726 0.8423800
1543787313.484905 -0.2814977 -0.5659022 -0.7024226 0.0147780 -0.7343973 -0.1503245 0.6616984
1543787314.053099 -0.3341051 -0.4839231 -0.6205244 0.0108397 -0.7169040 -0.1461171 0.6816018
1543787322.855613 -0.2876563 0.1433266 -0.6087488 -0.0165113 0.8813846 0.1839995 -0.4347789
1543787326.836801 -0.2317815 0.1779185 -0.0642510 -0.0017249 -0.2011523 -0.0340612 0.9789661
1543787327.303322 -0.0918993 0.1513189 -0.0280398 -0.0052402 -0.0648124 -0.0043527 0.9978742
1543787328.118068 0.1573912 0.1280012 -0.0147607 -0.0051306 0.1066506 0.0282833 0.9938810
1543787328.524816 0.1953173 0.1217508 -0.0314462 -0.0045923 0.1464300 0.0317576 0.9887004
1543787328.987925 0.1163274 0.1311228 -0.0190137 -0.0014596 0.0815963 0.0119661 0.9965926
1543787329.493778 -0.0865960 0.1308746 -0.0412648 -0.0018309 -0.1599680 -0.0428513 0.9861900
1543787331.830458 -0.2116713 0.1497683 0.2128950 0.0014469 -0.1382567 -0.0185572 0.9902215
1543787332.752019 -0.2003989 0.1722440 0.2291847 -0.0027319 -0.1762868 -0.0298664 0.9838818
1543787395.466222 -0.1550596 0.1555824 0.0794684 -0.0077318 -0.0470920 -0.0039370 0.9988528
1543787404.280564 -0.3035987 0.1474372 -0.8185138 -0.0115898 0.8872076 0.1839704 -0.4229460
1543787404.551227 -0.3156537 0.1546906 -0.8087459 -0.0125261 0.8802676 0.1821521 -0.4379414
1543787404.868894 -0.3471517 0.1878127 -0.8277058 -0.0143272 0.8852444 0.1887990 -0.4248435
1543787408.828626 -0.1183295 0.0422921 -0.8877463 -0.0298676 0.9404925 0.2072380 -0.2676457
1543787409.006506 -0.2012881 0.0670020 -0.8745451 -0.0149486 0.9566768 0.2223173 -0.1874062
1543787409.832319 -0.1887904 0.2559446 -0.8268045 -0.0246971 0.9431237 0.1721629 -0.2833156
1543787410.103156 -0.1895496 0.2564210 -0.8252969 -0.0263516 0.9442935 0.1754459 -0.2771896
1543787410.301016 -0.1903984 0.2534311 -0.8252103 -0.0253512 0.9445941 0.1769645 -0.2752869
1543787410.509959 -0.2014112 0.2590583 -0.8383068 -0.0239695 0.9386284 0.1744380 -0.2966032
1543787410.704758 -0.1687157 0.2643422 -0.8578843 -0.0266901 0.8989549 0.1333803 -0.4163860
1543787410.946951 -0.1663961 0.2628201 -0.8574612 -0.0075803 -0.8119125 -0.0638212 0.5802306
1543787411.207867 -0.0438905 0.1806238 -0.8164567 0.0366162 -0.7091159 -0.0644591 0.7011839
1543787411.803875 -0.1456149 -0.4719312 -0.3879642 -0.0018339 -0.3335373 -0.0507380 0.9413688
1543787413.148616 -0.0220395 0.2204218 0.0703854 -0.0037779 -0.0645001 -0.0109341 0.9978507
1543787414.043933 -0.4167373 0.2943913 -0.0554868 0.0026101 -0.3954672 -0.0913691 0.9139205
1543787416.798649 -0.1529305 0.2378647 -0.8561498 0.0711996 -0.6696002 -0.0659636 0.7363525
1543787416.994343 -0.1330802 0.1196446 -0.7798742 0.0559517 -0.5715073 -0.0455584 0.8174186
1543787417.139796 -0.2983235 -0.4719600 -0.4533122 0.0027165 -0.5446461 -0.1000357 0.8326741
1543787418.730644 -0.0391898 0.2274271 0.1408789 -0.0033928 -0.0946621 -0.0114944 0.9954373
1543787420.069555 -0.3622063 0.4373443 -0.8972434 -0.0177991 0.9202472 0.2168335 -0.3252869
1543787420.364050 -0.3307241 0.3069262 -0.9009028 -0.0109071 0.9334915 0.2322555 -0.2730056
1543787420.625274 -0.3326664 0.3087846 -0.9018342 -0.0103012 0.9258410 0.2245572 -0.3037867
1543787420.943204 -0.3321302 0.3100779 -0.9023657 -0.0116645 0.9226502 0.2213224 -0.3155897
1543787421.255275 -0.3382635 0.3095412 -0.9047553 -0.0112803 0.9194187 0.2184387 -0.3268433
1543787423.440017 0.0357081 0.1666269 0.1288151 -0.0082649 -0.0187709 0.0072576 0.9997633
1543787424.032630 0.0318999 0.1648937 0.1251318 -0.0059154 -0.0315297 -0.0019253 0.9994835
1543787424.585170 0.0238690 0.1638483 0.1182808 -0.0039752 -0.0403530 -0.0062889 0.9991578
1543787425.747047 -0.0852483 0.2253541 0.1586348 -0.0024597 -0.0524030 -0.0142563 0.9985212
1543787426.349864 -0.2319762 0.2080237 0.1666201 -0.0014116 -0.0252143 -0.0114432 0.9996156
1543787426.921771 -0.3226262 0.1911782 0.0611101 0.0025193 -0.1066477 -0.0251169 0.9939764
1543787427.949393 -0.9132799 0.3396109 -0.3495501 0.0076209 -0.6013628 -0.1404153 0.7865039
1543787428.244692 -1.0320498 0.3678793 -0.3545719 0.0031664 -0.6272653 -0.1385384 0.7663781
1543787428.494303 -1.1267812 0.4103196 -0.3986751 0.0058227 -0.6551027 -0.1412105 0.7422036
1543787428.680649 -1.2266477 0.4584403 -0.4080221 0.0048051 -0.6918391 -0.1479248 0.7067205
1543787429.009182 -1.3804156 0.5773891 -0.3365653 0.0008155 -0.7130020 -0.1499441 0.6849410
1543787429.305435 -1.4828162 0.8525720 -0.1644593 -0.0032119 -0.6721792 -0.1367994 0.7276336
1543787429.515111 -1.5420105 1.0440857 -0.0884181 -0.0002276 -0.6907049 -0.1390868 0.7096347
