1543465137.082476 0.0000000 0.0000000 0.0000000 0.0000000 0.0000000 0.0000000 1.0000000
1543465137.178324 -0.0261362 0.0021080 0.0027709 0.0009951 -0.0002590 -0.0007093 0.9999992
1543465137.431468 -0.1215254 0.0212697 0.0414742 -0.0025391 0.0501399 0.0106045 0.9986827
1543465137.670893 -0.1605171 0.0274056 0.0730775 -0.0047375 0.0927444 0.0220360 0.9954348
1543465137.800199 -0.1750460 0.0366462 0.0887139 -0.0049098 0.1038023 0.0260564 0.9942445
1543465138.685574 -0.0715919 -0.0615466 -0.0466629 0.0033148 -0.0142868 0.0078549 0.9998616
1543465139.045888 0.0282941 -0.0718547 -0.1170671 0.0033486 -0.0816851 -0.0077341 0.9966226
1543465139.260974 0.1030480 -0.0774043 -0.1406011 0.0018346 -0.0671903 -0.0055445 0.9977231
1543465140.337272 0.4115006 -0.0191369 -0.1615911 -0.0042724 0.0957315 0.0251795 0.9950795
1543465141.064983 0.4706314 0.0245759 -0.1529540 -0.0050252 0.1567647 0.0351783 0.9869965
1543465141.537250 0.5105228 0.0562062 -0.1414310 -0.0051379 0.2123609 0.0481062 0.9759929
1543465141.813678 0.4551342 0.0618801 -0.1363322 -0.0033736 0.1560242 0.0316212 0.9872412
1543465142.168327 0.3983560 0.0315404 -0.1284784 -0.0034885 0.1103832 0.0225376 0.9936274
1543465142.518104 0.3546923 0.0212137 -0.1285203 -0.0010966 0.0577721 0.0124503 0.9982516
1543465143.990185 0.1447640 -0.0349769 -0.1166199 0.0004699 -0.1550908 -0.0297016 0.9874535
1543465147.107519 -0.0791924 0.0048078 -0.3150873 0.0092549 -0.4515491 -0.0910902 0.8875361
1543465147.619570 -0.0572319 0.0076064 -0.3908751 0.0058162 -0.5129853 -0.1054055 0.8518814
1543465157.365430 -0.0590917 0.0956155 -0.7129365 -0.0210049 0.8829142 0.1798782 -0.4332033
1543465158.732532 -0.0576773 0.0904705 -0.7170365 -0.0185267 0.8804934 0.1787036 -0.4386949
1543465166.755135 -0.1011567 0.2550444 -0.2304884 0.0022391 -0.2489681 -0.0384202 0.9677467
1543465167.134940 -0.0161253 0.2367342 -0.1985371 -0.0012002 -0.1561236 -0.0179543 0.9875736
1543465167.480939 0.1070065 0.2190406 -0.1723971 -0.0028291 -0.0499846 0.0046764 0.9987350
1543465167.853297 0.2388649 0.2197763 -0.1495445 -0.0042799 0.0506573 0.0247121 0.9984012
1543465169.753991 0.0146328 0.2012832 -0.2122393 0.0023873 -0.2528054 -0.0558585 0.9659004
1543465182.644844 -0.2322957 0.2541067 -0.2111105 0.0021649 -0.4526232 -0.0760822 0.8884476
1543465192.067816 -0.2222959 0.1864220 -0.2802968 0.0120053 -0.4307308 -0.0995999 0.8968872
1543465225.074427 -0.2228836 -0.3813772 -0.9197800 0.0094660 -0.7269776 -0.1518577 0.6695918
1543465228.255603 0.0703568 0.2430464 -0.0041998 -0.0138199 -0.0894458 0.0018696 0.9958941
1543465237.532726 0.0369557 0.2906055 -1.1209041 -0.0254590 0.9564796 0.1917157 -0.2185034
1543465240.674544 0.0867316 0.1466019 -0.0836911 0.0084961 -0.0065064 0.0028110 0.9999388
1543465246.981040 0.1203890 0.2152862 -0.0552914 0.0042948 0.0041646 0.0050484 0.9999694
1543465247.475900 -0.0390809 0.0462056 -0.1384448 0.0022889 -0.1520660 -0.0308541 0.9878860
1543465248.796374 0.0190179 -0.0271527 -1.1192257 -0.0274694 0.9044719 0.1948316 -0.3784398
1543465248.996641 0.0765463 0.1042411 -1.1065670 -0.0221387 0.9520398 0.2064897 -0.2247042
1543465249.585461 0.0836101 0.2646722 -1.0920966 -0.0168513 0.9432421 0.1806878 -0.2781409
1543465250.000063 0.0765348 0.2404848 -1.0912091 -0.0158561 0.9356822 0.1811481 -0.3023786
1543465251.714456 -0.0980558 -0.3812058 -0.6299652 0.0013612 -0.4878983 -0.0809679 0.8691361
1543465251.973655 0.0765269 -0.4069953 -0.4814664 -0.0034498 -0.2789973 -0.0337258 0.9596933
1543465252.369709 0.3023953 -0.1864827 -0.1718101 -0.0144561 0.0144576 0.0332931 0.9992365
1543465253.187618 0.1548293 0.2776139 -0.0826689 -0.0017000 -0.0621225 -0.0031447 0.9980621
1543465254.522651 -0.3391925 0.3621045 -0.4129317 0.0148629 -0.5977365 -0.1295023 0.7910242
1543465255.035614 -0.1796252 0.3692858 -0.8859665 0.0323256 -0.8447496 -0.1799103 0.5029765
1543465255.432438 0.0481293 0.2979726 -1.0859134 -0.0356019 0.9365570 0.1934424 -0.2901268
1543465255.670798 0.0459500 0.3218833 -1.0856489 -0.0307431 0.9339101 0.1894332 -0.3016319
1543465255.963685 0.0478524 0.3232861 -1.0802611 -0.0260280 0.9326835 0.1883625 -0.3065021
1543465256.204614 0.0536272 0.3500232 -1.0528022 -0.0253714 0.9323103 0.1790137 -0.3132217
1543465256.479974 -0.0864271 0.0560920 -1.0137376 -0.0182813 0.8807098 0.1745061 -0.4399588
1543465257.015108 -0.1693348 -0.3960269 -0.7049953 0.0010983 -0.6413045 -0.1196090 0.7579057
1543465257.323863 -0.1139689 -0.4485982 -0.5379650 -0.0001400 -0.5050986 -0.0871481 0.8586504
1543465260.806817 -0.0860527 0.4670712 -1.0064317 -0.0174503 0.9314116 0.1870751 -0.3117225
1543465261.046746 -0.0801004 0.4696603 -1.0162016 -0.0185158 0.9301965 0.1864187 -0.3156577
1543465261.287285 -0.0857866 0.4526745 -1.0285034 -0.0175447 0.9280586 0.1896666 -0.3200408
1543465263.083560 0.2184944 0.2779522 0.0079045 -0.0122647 0.0285593 0.0268502 0.9991561
1543465264.185158 0.1875130 0.2382323 -0.0231348 -0.0020272 -0.0409590 -0.0000206 0.9991588
1543465265.478468 0.1460873 0.2673182 -0.0028702 -0.0006610 -0.0642864 -0.0081566 0.9978979
1543465265.952213 0.0512739 0.2924588 0.0129482 -0.0011693 -0.0589898 -0.0107000 0.9982005
1543465266.414701 -0.0734807 0.2769045 0.0129328 0.0010946 -0.0357142 -0.0080482 0.9993290
1543465266.841617 -0.1613108 0.2757402 -0.0610971 0.0056903 -0.1018121 -0.0203507 0.9945792
1543465267.307563 -0.3009692 0.2631271 -0.1519729 0.0063857 -0.2039275 -0.0464497 0.9778626
1543465267.994940 -0.7228452 0.3910855 -0.5153465 0.0113607 -0.6013480 -0.1361508 0.7872195
1543465268.275619 -0.8276613 0.4193317 -0.5156965 0.0074068 -0.6216577 -0.1331654 0.7718509
1543465268.571109 -0.9317828 0.4548021 -0.5703720 0.0090147 -0.6571481 -0.1366770 0.7412115
1543465269.115778 -1.2126842 0.6543349 -0.5077435 0.0042202 -0.7136934 -0.1436627 0.6855544
1543465269.534803 -1.3549320 1.0311432 -0.2933968 0.0057920 -0.6967798 -0.1360266 0.7042451
1543465269.718482 -1.3758265 1.1431623 -0.2508403 0.0084563 -0.7002811 -0.1387058 0.7002110
1543465272.237413 -1.3789077 1.1815612 -0.2391331 0.0126947 -0.6979045 -0.1388492 0.7024878
1543465272.464916 -1.3781693 1.1814957 -0.2396941 0.0123223 -0.6978724 -0.1385758 0.7025803
1543465274.936946 -1.3774630 1.1816678 -0.2403477 0.0123299 -0.6967185 -0.1385712 0.7037253
1543465275.002884 -1.3778602 1.1816801 -0.2407025 0.0122206 -0.6965936 -0.1385241 0.7038601
