1543464639.159202 0.0000000 0.0000000 0.0000000 0.0000000 0.0000000 0.0000000 1.0000000
1543464639.238148 -0.0242508 0.0012905 0.0023948 0.0006048 -0.0004236 -0.0007873 0.9999994
1543464639.359530 -0.0732973 0.0016958 0.0159600 -0.0027669 0.0149223 0.0032122 0.9998797
1543464639.485803 -0.1139892 0.0160704 0.0374908 -0.0043364 0.0503714 0.0106409 0.9986644
1543464639.692641 -0.1477946 0.0191474 0.0615428 -0.0072469 0.0861587 0.0204725 0.9960447
1543464639.933911 -0.1704964 0.0302449 0.0856010 -0.0072096 0.1076680 0.0281309 0.9937627
1543464640.283140 -0.1675929 0.0208333 0.0720521 -0.0065556 0.0857322 0.0262911 0.9959497
1543464641.186136 0.0494667 -0.0691876 -0.1162326 0.0020408 -0.0847468 -0.0085538 0.9963637
1543464642.376438 0.3715855 -0.0231314 -0.1471027 -0.0056077 0.0930746 0.0239009 0.9953564
1543464642.612638 0.4094411 -0.0023849 -0.1495457 -0.0057634 0.1310976 0.0318273 0.9908417
1543464642.864767 0.4172634 0.0181076 -0.1394074 -0.0077167 0.1483511 0.0326455 0.9883657
1543464643.399300 0.4570257 0.0304891 -0.1434209 -0.0067831 0.1835155 0.0419300 0.9820988
1543464643.680875 0.4670649 0.0526338 -0.1265372 -0.0068963 0.2086987 0.0469470 0.9768282
1543464644.733406 0.3118803 0.0116594 -0.1193088 -0.0016312 0.0353331 0.0080356 0.9993420
1543464645.798859 0.1538046 -0.0309860 -0.1195199 0.0013968 -0.1195891 -0.0248015 0.9925126
1543464646.192831 0.1269827 -0.0311752 -0.0926439 0.0004766 -0.1693149 -0.0314889 0.9850587
1543464650.053057 -0.0863327 0.0089581 -0.3695211 0.0041395 -0.5353123 -0.1085863 0.8376351
1543464658.710659 -0.1023624 0.0669120 -0.5638171 0.0189213 -0.8133391 -0.1632767 0.5580880
1543464662.265497 -0.0539995 0.0874297 -0.6261699 -0.0176371 0.8829978 0.1754564 -0.4349930
1543464664.680734 -0.0698421 0.1522606 -0.6439161 -0.0189010 0.8825077 0.1756245 -0.4358657
1543464667.726021 -0.2577219 0.2774246 -0.3546284 0.0065925 -0.5570232 -0.1020777 0.8241734
1543464668.847058 -0.0873648 0.2318895 -0.2134309 0.0001415 -0.2401766 -0.0357941 0.9700691
1543464669.221828 -0.0042883 0.2136092 -0.1810329 -0.0037671 -0.1465048 -0.0151691 0.9890865
1543464670.267237 0.2992591 0.1824069 -0.1513123 -0.0049331 0.0951194 0.0301150 0.9949980
1543464671.582097 0.0910741 0.1844734 -0.1747807 0.0000478 -0.1429615 -0.0348328 0.9891151
1543464672.005298 -0.0456442 0.1933890 -0.2069950 0.0010099 -0.3392877 -0.0739333 0.9377722
1543464728.276260 -0.1563404 0.3927896 -1.0682228 -0.0201473 0.8912956 0.1766608 -0.4171057
1543464738.261595 0.0148937 0.2314161 -0.0471655 -0.0054395 -0.0411602 -0.0000952 0.9991378
1543464742.893531 0.0688608 0.1340787 -0.0767356 0.0063277 -0.0100747 -0.0007503 0.9999290
1543464743.736278 0.0764444 0.1508460 -0.0369792 0.0002741 -0.0185146 -0.0034289 0.9998227
1543464744.241831 -0.2056697 -0.2421046 -0.3809637 0.0095186 -0.1848711 -0.0413160 0.9818478
1543464751.082601 0.0659581 0.2025820 -0.9651421 -0.0399249 0.9617212 0.1827528 -0.2002490
1543464751.220352 0.0173431 0.1146956 -1.0069249 -0.0128671 0.9562377 0.2131166 -0.2000629
1543464751.480061 0.0398234 0.1869775 -0.9878721 -0.0149290 0.9491255 0.1965248 -0.2455931
1543464751.613911 0.0518301 0.2021050 -0.9947563 -0.0155732 0.9452888 0.1902702 -0.2645447
1543464752.220351 0.0583108 0.1934604 -0.9875898 -0.0166076 0.9377213 0.1885107 -0.2913188
1543464753.533448 -0.1196878 -0.3183288 -0.7106562 0.0051831 -0.6459633 -0.1155055 0.7545615
1543464753.731333 -0.0982538 -0.3590888 -0.6230714 0.0011504 -0.5100006 -0.0858239 0.8558810
1543464753.952397 0.0181632 -0.3826970 -0.4946734 -0.0033157 -0.3423502 -0.0447409 0.9385007
1543464754.317967 0.2552478 -0.2997692 -0.2235989 -0.0193265 -0.0245666 0.0278998 0.9991219
1543464755.084160 0.1683617 0.2252649 -0.0834222 -0.0031721 -0.0378733 0.0025456 0.9992743
1543464755.904813 -0.1314005 0.3308097 -0.1169545 0.0006110 -0.2705163 -0.0600585 0.9608400
1543464757.793959 0.0315540 0.2672999 -0.9942042 -0.0286578 0.9342588 0.1932083 -0.2983453
1543464757.995965 0.0363219 0.2766498 -0.9909655 -0.0263077 0.9332659 0.1916237 -0.3026600
1543464758.714068 -0.1392275 -0.1380706 -0.8143128 0.0105777 -0.8168207 -0.1561392 0.5552590
1543464758.947737 -0.1706393 -0.3081030 -0.6927412 0.0037597 -0.7085212 -0.1317850 0.6932649
1543464759.227410 -0.1320968 -0.3881206 -0.6071653 0.0025858 -0.5780199 -0.1042594 0.8093308
1543464759.459059 -0.0697910 -0.4193009 -0.4593479 -0.0001362 -0.4681050 -0.0780612 0.8802183
1543464759.743508 0.1351212 -0.4070914 -0.2657612 -0.0122745 -0.2296714 -0.0214805 0.9729537
1543464760.824379 0.1132978 0.2799267 -0.0031038 -0.0020983 -0.0974590 -0.0077510 0.9952071
1543464761.363637 0.0918158 0.2980900 0.0233847 0.0001688 -0.1243170 -0.0146651 0.9921342
1543464762.074881 -0.1565608 0.4206459 -0.9326335 -0.0222749 0.8664963 0.2118901 -0.4514316
1543464763.210847 -0.0823028 0.3830144 -0.9072350 -0.0150922 0.9331988 0.1924119 -0.3031333
1543464763.424979 -0.1020937 0.3914261 -0.9352413 -0.0168370 0.9252164 0.1906322 -0.3276437
1543464766.316938 0.1721779 0.2173823 -0.0221598 -0.0033750 -0.0429214 -0.0005480 0.9990726
1543464767.417671 0.1492743 0.2362830 -0.0131936 -0.0019281 -0.0578732 -0.0071530 0.9982964
1543464767.907514 0.0607251 0.2737254 0.0080129 -0.0008364 -0.0635406 -0.0122942 0.9979032
1543464768.396338 -0.0454405 0.2628196 0.0194142 -0.0000929 -0.0350824 -0.0078486 0.9993536
1543464768.881563 -0.1494898 0.2518179 -0.0554928 0.0031008 -0.1030274 -0.0193666 0.9944851
1543464769.336945 -0.2443588 0.2391856 -0.1237295 0.0045354 -0.1666915 -0.0359718 0.9853423
1543464770.096066 -0.6689973 0.3592243 -0.4675645 0.0100845 -0.6043564 -0.1340586 0.7852897
1543464770.419879 -0.7883493 0.3923509 -0.4802626 0.0065764 -0.6353904 -0.1322260 0.7607576
1543464770.733594 -0.9136527 0.4417276 -0.5221521 0.0076987 -0.6703818 -0.1351395 0.7295657
1543464771.041839 -1.0693442 0.5279772 -0.5031006 0.0064441 -0.7203856 -0.1443651 0.6783522
1543464771.298132 -1.1666336 0.7208344 -0.3766809 0.0013061 -0.6891595 -0.1319176 0.7124993
1543464771.500961 -1.2258300 0.8894874 -0.2881956 0.0022084 -0.6919302 -0.1297236 0.7102109
1543464771.730734 -1.2765375 1.0501099 -0.2233460 0.0072637 -0.7029441 -0.1324357 0.6987686
