1543542375.110256 0.0000000 0.0000000 0.0000000 0.0000000 0.0000000 0.0000000 1.0000000
1543542375.275844 0.0187993 0.0003826 0.0079142 -0.0023518 0.0399160 0.0102689 0.9991475
1543542375.402626 0.0309493 0.0011874 0.0159690 -0.0043391 0.0588132 0.0154392 0.9981402
1543542377.734075 -0.1548284 -0.0344050 0.2869390 -0.0043073 0.2333206 0.0456101 0.9713201
1543542377.956131 -0.1691434 -0.0274912 0.3206233 -0.0051070 0.2634483 0.0557154 0.9630497
1543542378.461596 -0.1672999 -0.0496305 0.2859966 -0.0015508 0.2273615 0.0507862 0.9724840
1543542380.059026 0.2086925 -0.0921033 -0.0594247 -0.0031363 0.1770326 0.0383824 0.9834512
1543542380.367057 0.2697282 -0.0664783 -0.0783546 -0.0055618 0.2375943 0.0499000 0.9700660
1543542380.689088 0.3260936 -0.0351420 -0.1073753 -0.0061625 0.2918706 0.0613932 0.9544656
1543542381.283598 0.3575716 -0.0071778 -0.1085229 -0.0069157 0.3223571 0.0662103 0.9442745
1543542382.540331 0.2747128 -0.0151503 -0.0565347 -0.0046709 0.2386779 0.0462229 0.9699869
1543542383.177454 0.1935309 -0.0479936 -0.0357158 -0.0029949 0.1512625 0.0272817 0.9881126
1543542383.555786 0.1345717 -0.0701577 -0.0132782 -0.0015227 0.0964070 0.0152270 0.9952244
1543542383.920936 0.0803859 -0.0813074 0.0107624 -0.0012932 0.0390839 0.0047240 0.9992239
1543542384.709915 0.0266647 -0.0876149 0.1052180 -0.0010203 -0.0828700 -0.0187548 0.9963834
1543542386.092358 -0.2182986 -0.1034191 0.1497063 0.0062940 -0.2182412 -0.0484201 0.9746726
1543542387.737072 -0.2131066 -0.0625685 -0.1541557 0.0005271 -0.3640371 -0.0759231 0.9282846
1543542388.019821 -0.2379724 -0.0670434 -0.1557645 -0.0005982 -0.3881687 -0.0804684 0.9180683
1543542392.784450 -0.3640804 -0.6254547 -0.4882702 0.0069618 -0.5008593 -0.0994265 0.8597708
1543542393.731425 -0.3730825 -0.6222543 -0.5472075 0.0071647 -0.6245314 -0.1251664 0.7708713
1543542398.123644 -0.3257975 0.0322504 -0.4227769 0.0162972 -0.8062999 -0.1610316 0.5689321
1543542406.444897 -0.3176249 0.1961713 -0.0178007 0.0028754 -0.2451029 -0.0402839 0.9686555
1543542406.857998 -0.2336288 0.1824979 -0.0038827 0.0002743 -0.1083288 -0.0130760 0.9940291
1543542407.320328 -0.1161783 0.1699935 0.0042096 -0.0032234 0.0180838 0.0138313 0.9997356
1543542407.722690 0.0203077 0.1586592 -0.0161734 -0.0049024 0.1338308 0.0391447 0.9902186
1543542408.125316 0.1561372 0.1630061 -0.0432602 -0.0051259 0.2304647 0.0570167 0.9713953
1543542408.547679 0.2235234 0.1537904 -0.0804052 -0.0037433 0.2761135 0.0613800 0.9591558
1543542409.543668 0.0323990 0.1462943 -0.0298890 -0.0032676 0.0714920 0.0054983 0.9974207
1543542410.511812 -0.1446121 0.1248789 0.1192401 -0.0054297 -0.0756536 -0.0148728 0.9970084
1543542411.965389 -0.0993218 0.1537020 0.2620203 0.0024362 -0.0002714 0.0089635 0.9999568
1543542417.539209 -0.4964084 0.3057997 -0.6046884 0.0148597 -0.8166690 -0.1599758 0.5542911
1543542419.783524 -0.4956691 0.3082660 -0.6058987 0.0152362 -0.8164985 -0.1597289 0.5546032
1543542423.334492 -0.0612927 0.1449706 0.1792956 -0.0035737 -0.0458144 0.0068117 0.9989204
1543542425.302566 -0.0546621 0.1536559 0.1230029 0.0116807 -0.0375299 -0.0284730 0.9988215
1543542440.873620 -0.2309130 0.1294400 0.2509403 0.0200806 0.2009330 0.0134460 0.9793068
1543542441.263460 -0.1956568 0.1406980 0.2687881 0.0281848 0.1648021 0.0098552 0.9858746
1543542441.712329 -0.2196199 0.1333597 0.2424062 0.0144860 0.2022349 0.0255510 0.9788965
1543542442.168163 -0.2129059 0.1332012 0.2549063 0.0268486 0.1924371 0.0149922 0.9808274
1543542450.958965 0.0949815 0.0991848 0.1156273 0.0039056 0.1200863 0.0470573 0.9916399
1543542484.012045 -0.4675479 0.1441141 -0.7150939 0.0130542 -0.8393830 -0.1706803 0.5158817
1543542485.042264 -0.4872047 0.1165456 -0.6643064 0.0100079 -0.8088473 -0.1675020 0.5635680
1543542488.423845 -0.4785511 -0.3130890 -0.3487419 0.0111102 -0.4805355 -0.1022911 0.8709183
1543542488.598675 -0.4744068 -0.3033814 -0.4821697 0.0141140 -0.5848380 -0.1220917 0.8017848
1543542489.210835 -0.2965218 0.2604429 -0.5980016 -0.0548831 0.9311969 0.1556697 -0.3250033
1543542489.734283 -0.3728609 0.2384920 -0.6512019 -0.0304336 0.9064348 0.1566700 -0.3910298
1543542489.971844 -0.3637672 0.2440175 -0.6579598 -0.0319595 0.8960124 0.1502928 -0.4165962
1543542490.503865 -0.3658843 0.2429262 -0.6522043 -0.0329731 0.8977193 0.1537361 -0.4115556
1543542490.734611 -0.3792387 0.2422641 -0.6710848 -0.0303333 0.8876445 0.1525970 -0.4334528
1543542493.803895 -0.1409031 0.2946694 0.1293069 -0.0064839 -0.0294765 -0.0121229 0.9994709
1543542494.269345 -0.3647170 0.2829051 0.0688862 0.0015069 -0.2488514 -0.0576630 0.9668224
1543542495.376086 -0.4009295 0.2102264 -0.7364776 -0.0348974 0.8470494 0.1923146 -0.4942717
1543542495.985390 -0.3549650 0.2049743 -0.7510440 -0.0260182 0.8745596 0.1884229 -0.4460552
1543542496.348472 -0.3574471 0.2063619 -0.7502816 -0.0218848 0.8737027 0.1864356 -0.4487832
1543542496.704510 -0.4192188 -0.0980231 -0.5905360 0.0115039 -0.7706843 -0.1409133 0.6213347
1543542497.336092 -0.3714658 -0.4759233 -0.3572892 0.0002802 -0.4374616 -0.0759092 0.8960274
1543542497.677733 -0.1050807 -0.5154489 -0.1559322 -0.0075396 -0.2025837 -0.0201491 0.9790286
1543542501.330391 -0.4844471 0.2970286 -0.7089761 -0.0087534 0.8676646 0.1904597 -0.4591369
1543542503.054796 0.1764446 0.2330873 0.1161526 -0.0142680 0.2115616 0.0676922 0.9749132
1543542503.459121 0.1334348 0.1862389 0.1054737 -0.0078763 0.1519838 0.0461567 0.9872732
1543542504.463325 0.1139808 0.1847036 0.0993337 -0.0039942 0.1185066 0.0285916 0.9925335
1543542505.259468 0.1085785 0.1934529 0.1039616 -0.0038488 0.1139269 0.0253406 0.9931585
1543542505.869951 0.0459228 0.2288283 0.1588152 -0.0040959 0.1034738 0.0200628 0.9944214
1543542506.456931 -0.0887868 0.2174307 0.2181551 -0.0038387 0.1283757 0.0223292 0.9914668
1543542507.073697 -0.2302236 0.1916895 0.1597641 0.0000411 0.0445364 0.0070550 0.9989828
1543542508.048580 -0.8501376 0.2730022 -0.0463185 0.0050758 -0.4412315 -0.1071057 0.8909643
1543542508.370750 -0.9591650 0.2928817 -0.0330479 0.0014357 -0.4833094 -0.1048859 0.8691426
1543542509.390956 -1.3867903 0.6197340 0.1927133 -0.0027099 -0.5595917 -0.1079764 0.8217000
1543542510.019612 -1.4581095 1.0274019 0.4017740 0.0084321 -0.5780328 -0.1113132 0.8083417
1543542511.420288 -1.4615989 1.0299182 0.4059433 0.0106701 -0.5765013 -0.1115057 0.8093818
1543542515.247037 -1.4589920 1.0300173 0.4026822 0.0098185 -0.5740487 -0.1116701 0.8111113
