1543778886.973221 0.0000000 0.0000000 0.0000000 0.0000000 0.0000000 0.0000000 1.0000000
1543778887.076113 0.0095839 -0.0006431 0.0029723 -0.0003270 0.0305259 0.0065342 0.9995126
1543778887.206105 0.0171507 0.0002941 0.0054009 -0.0003690 0.0583496 0.0133052 0.9982074
1543778889.790797 -0.0591905 -0.0254415 0.2203565 -0.0026555 0.2795848 0.0546502 0.9585607
1543778890.040534 -0.0738380 -0.0231722 0.2539891 -0.0048617 0.3191229 0.0678757 0.9452671
1543778890.600345 -0.0799453 -0.0320750 0.2438230 -0.0011740 0.2932425 0.0659471 0.9537601
1543778891.923785 0.1151284 -0.0771359 -0.0278781 -0.0017901 0.1867157 0.0417508 0.9815248
1543778892.690505 0.2403408 -0.0288794 -0.0943467 -0.0043763 0.3188299 0.0678249 0.9453719
1543778893.007086 0.2666159 -0.0006437 -0.0994354 -0.0058804 0.3603136 0.0754816 0.9297538
1543778893.754824 0.3024694 0.0228935 -0.1167420 -0.0056884 0.4098619 0.0867335 0.9079968
1543778894.634617 0.2264816 0.0012371 -0.0616894 -0.0036308 0.3058695 0.0599280 0.9501786
1543778895.673391 0.1269962 -0.0442465 -0.0190666 -0.0020690 0.1612712 0.0293862 0.9864703
1543778896.058838 0.0866980 -0.0560345 0.0068998 -0.0009904 0.1033087 0.0184613 0.9944775
1543778896.478103 0.0756164 -0.0574649 0.0376419 -0.0016494 0.0475809 0.0105311 0.9988105
1543778896.908689 0.0453507 -0.0638527 0.0870673 -0.0006091 -0.0280725 -0.0073957 0.9995784
1543778899.978015 -0.1527628 -0.0498678 -0.0941203 0.0004310 -0.3154485 -0.0667138 0.9465946
1543778906.326457 -0.3120854 -0.4195426 -0.3360268 0.0060916 -0.5562044 -0.1134440 0.8232436
1543778907.508795 -0.2461421 -0.0917644 -0.2014388 0.0129164 -0.5612140 -0.1106516 0.8201392
1543778913.160063 -0.2613758 0.0239727 -0.2966859 0.0141067 -0.7667184 -0.1572612 0.6222643
1543778915.330681 -0.3021632 0.0782232 -0.2987884 0.0146557 -0.7688837 -0.1579659 0.6193947
1543778919.143976 -0.1356499 0.1365306 0.0237829 0.0007534 -0.0067287 0.0071721 0.9999514
1543778919.640800 -0.0273922 0.1241301 0.0108929 -0.0024821 0.1321331 0.0381340 0.9904951
1543778920.477776 0.1585577 0.1242646 -0.0580269 -0.0026226 0.3115578 0.0719594 0.9474949
1543778921.304565 0.1501662 0.1258099 -0.0558547 -0.0020494 0.3254311 0.0631003 0.9434558
1543778921.680019 0.0507685 0.1156795 -0.0190589 -0.0024817 0.1470651 0.0220052 0.9888789
1543778922.178589 -0.0869761 0.1072980 0.0099287 -0.0020700 -0.0831289 -0.0252926 0.9962156
1543778924.601378 -0.0133394 0.1324866 0.2001332 0.0028785 0.0504450 0.0165080 0.9985862
1543778926.199366 0.0023659 0.1270946 0.2173261 -0.0001514 0.0673398 0.0162894 0.9975971
1543778949.831230 -0.3489741 0.1121597 -0.0506633 0.0079838 -0.3293371 -0.0925647 0.9396303
1543778977.413775 -0.3987510 -0.3532783 -0.3849507 0.0041012 -0.5607383 -0.1207007 0.8191381
1543778988.494421 -0.0073329 0.1451757 0.1109888 -0.0052540 0.1819031 0.0438569 0.9823239
1543778993.323521 0.0245860 0.0716665 0.0777983 0.0032816 0.2040974 0.0373513 0.9782323
1543778993.939040 0.0403303 0.0903159 0.0861780 0.0009176 0.1995278 0.0402505 0.9790647
1543778994.461925 -0.1579731 -0.2079758 -0.0414931 0.0175382 0.0420446 -0.0022106 0.9989594
1543779001.405711 -0.3381507 0.0085591 -0.6095885 -0.0038451 0.8832517 0.2102790 -0.4190876
1543779001.549295 -0.3398364 0.0565550 -0.5990509 -0.0059774 0.8770166 0.1994322 -0.4370732
1543779002.374710 -0.3263997 0.0836390 -0.6027880 0.0108568 -0.8430686 -0.1817411 0.5060511
1543779004.114868 -0.1932240 -0.3552084 -0.2423651 -0.0007492 -0.2200798 -0.0273517 0.9750981
1543779005.397152 0.0877812 0.1551006 0.0339733 -0.0023121 0.1803929 0.0449664 0.9825635
1543779007.166577 -0.4269289 0.1945739 -0.2013374 0.0193228 -0.5920042 -0.1356056 0.7942095
1543779007.906066 -0.3465417 0.1532054 -0.5815578 0.0261246 -0.8423160 -0.1891494 0.5040275
1543779008.237488 -0.3508286 0.1324735 -0.5959724 0.0180031 -0.8358639 -0.1919823 0.5139555
1543779008.810216 -0.3722644 -0.0262887 -0.4980510 0.0150057 -0.7585381 -0.1540047 0.6329908
1543779009.484968 -0.2781169 -0.3556606 -0.2458884 0.0021508 -0.3809392 -0.0662075 0.9222241
1543779009.777545 -0.0796024 -0.3833544 -0.1060146 -0.0018150 -0.2199778 -0.0262994 0.9751486
1543779010.106471 0.1303213 -0.2748273 -0.0805327 -0.0001054 0.1031136 0.0435946 0.9937138
1543779012.864298 -0.3974847 0.2946563 -0.4949360 -0.0178839 0.8502795 0.1782925 -0.4948907
1543779013.060474 -0.4048457 0.2703163 -0.4937108 0.0141570 -0.8389516 -0.1773223 0.5143118
1543779013.302295 -0.4040015 0.2376972 -0.4914001 0.0114906 -0.8353465 -0.1829352 0.5182652
1543779013.542339 -0.4048718 0.2768555 -0.4989713 0.0165578 -0.8349084 -0.1740774 0.5218725
1543779015.028316 0.1705442 0.1228114 0.0343783 -0.0213960 0.2345115 0.0928311 0.9674342
1543779015.428975 0.1412033 0.1734473 0.0853131 -0.0094415 0.2420457 0.0677331 0.9678518
1543779016.007758 0.1206547 0.1445443 0.0726659 -0.0036343 0.1847618 0.0481177 0.9815980
1543779017.682998 0.0999509 0.1586218 0.0886571 -0.0026529 0.1658709 0.0355110 0.9855043
1543779018.238731 0.0341326 0.1809571 0.1401423 -0.0033040 0.1624954 0.0308657 0.9862209
1543779018.773026 -0.0551898 0.1540193 0.1811468 -0.0035596 0.1867918 0.0351365 0.9817646
1543779019.304355 -0.1439205 0.1402469 0.1411519 0.0016116 0.1082775 0.0201552 0.9939151
1543779020.215180 -0.6155096 0.1895014 0.0457330 0.0045140 -0.3871329 -0.0979699 0.9167932
1543779020.581170 -0.7073039 0.2055187 0.0683562 0.0018803 -0.4314686 -0.0960236 0.8970010
1543779020.862681 -0.8048881 0.2218658 0.0703496 0.0033839 -0.4766667 -0.1014524 0.8732038
1543779021.359630 -0.9687386 0.3223817 0.1764701 0.0017391 -0.5504151 -0.1115467 0.8274041
1543779021.863922 -1.0111864 0.6204643 0.3964145 0.0006271 -0.5269883 -0.0991049 0.8440742
1543779023.950457 -1.0286179 0.7605110 0.4452771 0.0126435 -0.5291944 -0.0992198 0.8425847
1543779025.165029 -1.0291768 0.7606908 0.4461769 0.0127798 -0.5278981 -0.0997921 0.8433278
1543779026.188336 -1.0284847 0.7606366 0.4451718 0.0123686 -0.5278208 -0.0991674 0.8434560
1543779026.525372 -1.0293239 0.7606683 0.4465937 0.0125499 -0.5277610 -0.0995307 0.8434479
