1543463389.365113 0.0000000 0.0000000 0.0000000 0.0000000 0.0000000 0.0000000 1.0000000
1543463389.463215 -0.0290366 0.0020905 0.0075937 0.0004908 -0.0013327 -0.0003371 0.9999989
1543463389.590600 -0.0544275 0.0111600 0.0154309 -0.0006371 0.0098620 0.0026474 0.9999477
1543463390.201406 -0.2468315 0.0486720 0.0847368 -0.0002694 0.0795942 0.0175043 0.9966736
1543463390.558019 -0.2766240 0.0619721 0.1160860 -0.0014420 0.1098904 0.0295018 0.9935048
1543463390.700903 -0.2792305 0.0634346 0.1140558 -0.0013068 0.0998766 0.0278535 0.9946091
1543463390.896969 -0.2608728 0.0425328 0.0860085 0.0013640 0.0751890 0.0237741 0.9968849
1543463392.697335 0.2285424 -0.0139772 -0.1166046 0.0004467 0.0442857 0.0136567 0.9989254
1543463392.951299 0.2849360 0.0024156 -0.1239317 -0.0020931 0.0981367 0.0249837 0.9948571
1543463393.186844 0.3227834 0.0259867 -0.1229209 -0.0024227 0.1388406 0.0341037 0.9897244
1543463393.816777 0.3544342 0.0501056 -0.1170824 -0.0019096 0.1680741 0.0381045 0.9850358
1543463394.276762 0.3569707 0.0851312 -0.1002087 -0.0002531 0.1930838 0.0409449 0.9803275
1543463394.613211 0.2932863 0.0666692 -0.0965173 -0.0003969 0.1293179 0.0249844 0.9912883
1543463396.141342 0.0974726 -0.0066921 -0.1006265 0.0037534 -0.0817056 -0.0173551 0.9964983
1543463397.150277 -0.0212852 -0.0077444 -0.0241893 0.0060691 -0.2442237 -0.0488793 0.9684672
1543463400.814270 -0.2115848 0.0334142 -0.3596447 0.0071431 -0.5425920 -0.1141967 0.8321670
1543463400.995960 -0.2241789 0.0203180 -0.3811583 0.0092152 -0.5509359 -0.1145507 0.8265972
1543463406.001580 -0.1828205 -0.5235910 -0.7484559 0.0139172 -0.7348667 -0.1462014 0.6621196
1543463406.243786 -0.1997984 -0.5025639 -0.7605971 0.0129842 -0.7445177 -0.1514553 0.6500662
1543463407.285540 -0.2392119 -0.2658116 -0.5914183 0.0134672 -0.7527906 -0.1486167 0.6411225
1543463413.385541 -0.1454702 0.1493799 -0.6068652 -0.0194552 0.8831000 0.1756502 -0.4346296
1543463415.623344 -0.1857106 0.2176183 -0.6274152 -0.0197748 0.8885730 0.1784884 -0.4221243
1543463415.789536 -0.2295971 0.2506697 -0.6239588 -0.0179776 0.8778498 0.1762519 -0.4449628
1543463418.426286 -0.3417546 0.3061413 -0.3118222 0.0102699 -0.5309311 -0.0996446 0.8414735
1543463419.483601 -0.1781228 0.2610513 -0.1885577 0.0044526 -0.2196917 -0.0353309 0.9749192
1543463419.865448 -0.0739833 0.2385253 -0.1514470 0.0006647 -0.1104627 -0.0106246 0.9938232
1543463420.248172 0.0470050 0.2283482 -0.1292552 -0.0009999 -0.0156880 0.0110837 0.9998150
1543463421.028905 0.2295960 0.2074080 -0.1311645 0.0003593 0.1180154 0.0315923 0.9925090
1543463422.330142 -0.0767904 0.2107920 -0.1744943 0.0042820 -0.2346455 -0.0550857 0.9705095
1543463422.781571 -0.1577484 0.2017449 -0.1444753 0.0019574 -0.3092863 -0.0661015 0.9486668
1543463425.436438 -0.1398354 0.2493184 0.0967015 0.0030844 -0.1846566 -0.0278766 0.9824028
1543463471.202878 -0.0143568 0.1801692 0.0170096 -0.0009292 -0.0266538 0.0087266 0.9996062
1543463476.886928 -0.3179306 0.2576450 0.0147164 0.0056748 -0.2418522 -0.0726102 0.9675758
1543463480.853023 -0.0435052 0.2502659 0.0196676 -0.0113542 -0.0979514 -0.0006319 0.9951262
1543463493.178316 -0.0104845 0.1543937 -0.0519764 0.0068732 -0.0048544 0.0055374 0.9999493
1543463493.712095 -0.0346247 0.1597334 -0.0432649 0.0078253 -0.0199005 -0.0049395 0.9997591
1543463501.684241 -0.0244415 0.0202484 -1.0922589 0.0007890 0.9465260 0.2454708 -0.2093611
1543463502.434139 -0.0151476 0.2639971 -0.9765521 -0.0200118 0.9374157 0.1860495 -0.2936612
1543463504.736645 0.1017900 -0.3617210 -0.2727751 -0.0155789 -0.1412890 0.0060234 0.9898275
1543463506.649674 -0.3070095 0.3588054 -0.1333010 0.0058298 -0.3581445 -0.0805533 0.9301665
1543463507.069136 -0.4206550 0.3752781 -0.3107857 0.0154569 -0.5649524 -0.1231340 0.8157376
1543463507.946155 -0.0545239 0.3133228 -0.9569914 -0.0422204 0.9312215 0.1976407 -0.3032854
1543463508.211789 -0.0517810 0.3296943 -0.9740909 -0.0355974 0.9344397 0.1981975 -0.2937229
1543463508.496824 -0.0412482 0.3410824 -0.9747038 -0.0315366 0.9325275 0.1934828 -0.3032529
1543463508.846904 -0.0452328 0.3516483 -0.9649578 -0.0274177 0.9316257 0.1875983 -0.3100464
1543463509.422712 -0.2598048 -0.2425624 -0.6957433 0.0071012 -0.7375087 -0.1399879 0.6606314
1543463509.939664 -0.2037016 -0.4022321 -0.4628048 0.0018710 -0.5073594 -0.0882201 0.8572049
1543463510.305484 0.1261955 -0.3600501 -0.1564206 -0.0097375 -0.2125181 -0.0024104 0.9771056
1543463511.509098 0.0113018 0.3001539 0.0139690 0.0027837 -0.1144822 -0.0116654 0.9933529
1543463511.986770 -0.0467367 0.3293695 0.0498275 0.0058555 -0.1624936 -0.0268329 0.9863273
1543463513.729106 -0.1621421 0.4862564 -0.9163997 -0.0220327 0.9311827 0.1900924 -0.3102874
1543463513.996609 -0.1880484 0.5175297 -0.9105647 -0.0245593 0.9230314 0.1764868 -0.3409725
1543463515.609748 0.1242171 0.2889080 0.0367564 -0.0110829 0.0456770 0.0312625 0.9984055
1543463516.618293 0.0826189 0.2427561 0.0033090 -0.0002242 -0.0433033 0.0001267 0.9990619
1543463517.719523 0.0688417 0.2541651 0.0020987 0.0020890 -0.0497836 -0.0060654 0.9987394
1543463518.273881 0.0106406 0.2876073 0.0329433 0.0020876 -0.0574489 -0.0104507 0.9982916
1543463518.855527 -0.1245119 0.2905053 0.0503820 0.0029223 -0.0328295 -0.0086562 0.9994192
1543463519.528892 -0.2542565 0.2729938 -0.0509260 0.0068663 -0.1186555 -0.0247574 0.9926031
1543463521.078397 -0.9568150 0.4446268 -0.4832703 0.0097903 -0.6524189 -0.1382299 0.7450814
1543463521.393596 -1.0891277 0.5100062 -0.5075681 0.0100851 -0.6987339 -0.1459331 0.7002662
1543463521.657445 -1.2280990 0.6062649 -0.4573661 0.0070314 -0.7205770 -0.1481341 0.6773298
1543463521.937152 -1.3194895 0.8333554 -0.3110780 0.0038526 -0.6823055 -0.1355961 0.7183719
1543463522.183256 -1.3896909 1.0409863 -0.2089499 0.0054507 -0.7002476 -0.1365008 0.7007076
1543463522.357660 -1.3692358 1.1107647 -0.1096689 0.0087378 -0.7094994 -0.1434749 0.6898908
