Durations
0.0277209281921
0.0863270759583
0.556092977524
0.14652299881
0.274146080017
0.183148860931
0.179984092712
1.99408483505
0.218158006668
0.278175115585
0.468949079514
0.572566986084
0.64492893219
0.319715976715
1.84815907478
3.12700080872
7.18593406677
12.0719749928
0.332666158676
0.371647834778
0.361227989197
1.39480900764
15.6706800461
0.922183990479
31.377352953
2.1222281456
8.00398588181
8.78461003304
2.57290911674
1.27287483215
1.10894107819
2.7640080452
3.00795102119
0.502678871155
1.3405790329
0.173089027405
0.100792884827
0.13624215126
2.67206406593
1.96184492111
0.723456859589
0.521209001541
0.926912069321
0.446084022522
0.242980957031
0.581825971603
0.264726161957
2.02745580673
0.54286813736
0.193084001541
0.181652069092
0.199235916138
0.267822980881
0.265511989594
2.54316306114
1.27108693123
0.440397977829
0.448689937592
0.432148218155
0.463045835495
0.439913988113
0.398041009903
0.547345161438
0.255000829697
0.448438167572
0.297470808029
0.199684143066
0.195801019669
