1543784876.398985 0.0000000 0.0000000 0.0000000 0.0000000 0.0000000 0.0000000 1.0000000
1543784876.630346 -0.0146454 -0.0034890 0.0091286 0.0000100 -0.0176647 -0.0055633 0.9998285
1543784876.767691 -0.0284352 -0.0046195 0.0097561 0.0015681 -0.0424739 -0.0112780 0.9990327
1543784877.524199 -0.0885211 -0.0100435 -0.0300004 0.0040347 -0.2074391 -0.0465125 0.9771332
1543784880.752903 -0.3054742 -0.0228778 0.2157542 -0.0023709 0.1017972 0.0205503 0.9945900
1543784880.982593 -0.3215942 -0.0142064 0.2266308 -0.0028896 0.1034205 0.0237067 0.9943510
1543784881.286292 -0.2993178 -0.0472265 0.1887012 -0.0017483 0.0665340 0.0167534 0.9976420
1543784883.457609 0.2401180 -0.0718069 -0.0118585 -0.0035912 0.1170600 0.0228156 0.9928563
1543784883.690262 0.2579209 -0.0445244 -0.0008481 -0.0045384 0.1463241 0.0278461 0.9888343
1543784884.469700 0.3111475 -0.0225279 -0.0000269 -0.0056267 0.2054305 0.0418646 0.9777597
1543784884.958956 0.2328073 -0.0184500 0.0160530 -0.0025596 0.1324752 0.0204482 0.9909720
1543784885.313567 0.1947162 -0.0396771 0.0197399 -0.0010103 0.0818321 0.0115688 0.9965785
1543784886.430625 0.0470410 -0.0865184 0.0163438 0.0009511 -0.0718557 -0.0205575 0.9972027
1543784886.881794 -0.0139080 -0.0900114 0.0256148 0.0010737 -0.1392986 -0.0330258 0.9896989
1543784887.276006 -0.0331581 -0.0888904 0.0681495 0.0010403 -0.1946639 -0.0422217 0.9799603
1543784887.711616 -0.1400115 -0.0939754 0.1020153 0.0046641 -0.2613523 -0.0625148 0.9632056
1543784890.756818 -0.2025329 -0.0417361 -0.2306262 0.0052664 -0.5264494 -0.1135335 0.8425754
1543784891.037475 -0.2363975 -0.0358973 -0.2330944 0.0039640 -0.5360222 -0.1155682 0.8362466
1543784891.285813 -0.2609055 -0.0459821 -0.2549888 0.0056743 -0.5462527 -0.1171893 0.8293626
1543784896.460473 -0.2374855 -0.5898553 -0.6554211 0.0080678 -0.7362615 -0.1560744 0.6584032
1543784897.083465 -0.2898668 -0.4899713 -0.5837437 0.0059318 -0.7205430 -0.1511549 0.6767088
1543784906.099904 -0.2497586 0.1466677 -0.5083067 -0.0149794 0.8818924 0.1813288 -0.4349266
1543784906.311391 -0.2784121 0.1741071 -0.5187864 -0.0148714 0.8756879 0.1809985 -0.4474249
1543784909.865968 -0.2216849 0.1670911 -0.0646500 0.0003883 -0.2145576 -0.0376498 0.9759853
1543784910.345809 -0.0970180 0.1436136 -0.0264828 -0.0021101 -0.0818625 -0.0087612 0.9966029
1543784910.760482 0.0486638 0.1365082 0.0000587 -0.0057120 0.0345265 0.0170319 0.9992423
1543784911.164430 0.1447758 0.1170487 -0.0109606 -0.0034933 0.0949457 0.0254692 0.9951504
1543784912.013373 0.1142874 0.1216448 -0.0095991 0.0006797 0.0899239 0.0129115 0.9958647
1543784912.559745 -0.0843841 0.1227846 -0.0374410 0.0008477 -0.1678184 -0.0459865 0.9847444
1543784926.280578 -0.1285683 0.1259701 0.1494102 -0.0036856 -0.1757422 -0.0221388 0.9841803
1543784928.054582 -0.1347737 0.1075271 0.1073170 0.0032425 -0.1692236 -0.0399179 0.9847636
1543784960.330568 -0.2991959 0.1174901 0.0186863 -0.0215112 -0.2889084 -0.0344256 0.9564958
1543784978.850255 -0.1377189 0.1311919 0.0602756 -0.0041059 -0.0468881 -0.0066545 0.9988695
1543784982.917084 -0.4177778 0.1203054 -0.1762501 -0.0267746 -0.5255855 -0.0997646 0.8444466
1543784986.760660 -0.2447983 0.2298457 -0.8006831 -0.0166365 0.9037757 0.1897856 -0.3832677
1543784989.509265 -0.0040517 0.1578770 0.1096762 0.0028229 0.0690119 0.0138670 0.9975154
1543784991.937583 -0.0059827 0.0800879 -0.8757015 -0.0272468 0.9454933 0.1986257 -0.2566082
1543784992.067476 -0.1353098 0.0514266 -0.8713658 -0.0125099 0.9561556 0.2229978 -0.1894254
1543784992.201717 -0.1353091 0.0841060 -0.8507075 -0.0092059 0.9534397 0.2199111 -0.2061724
1543784993.262856 -0.1241339 0.1125535 -0.8029271 -0.0133471 0.9410225 0.2061710 -0.2679404
1543784993.439674 -0.1532860 0.0040007 -0.9293437 0.0043884 0.9289756 0.2407228 -0.2811364
1543784993.644627 -0.1623959 0.0709804 -0.9043456 -0.0044947 0.9214878 0.2130859 -0.3247067
1543784993.833817 -0.1776886 0.0828795 -0.7828445 -0.0005152 0.8892275 0.1518867 -0.4315144
1543784994.084219 -0.1932648 0.0534235 -0.6706795 -0.0244222 -0.8114597 -0.0977469 0.5756581
1543784996.507062 -0.1459915 0.2674387 0.0827224 -0.0001770 -0.1399904 -0.0358170 0.9895048
1543784997.344286 -0.3097194 0.2842006 -0.1261818 0.0099828 -0.5248833 -0.1159641 0.8431786
1543784997.581448 -0.4471562 0.3050997 -0.2882021 0.0167181 -0.6283637 -0.1387685 0.7652600
1543784997.932094 -0.3570955 0.3226553 -0.5980496 0.0301880 -0.8035423 -0.1755584 0.5679681
1543784998.510218 -0.1107106 0.2066047 -0.8579429 -0.0314246 0.9347709 0.2087558 -0.2857217
1543784998.784829 -0.1078244 0.2146837 -0.8593235 -0.0254935 0.9315200 0.2050606 -0.2992838
1543784999.120518 -0.0982777 0.2330236 -0.8560417 -0.0214201 0.9313648 0.1998436 -0.3035839
1543784999.427777 -0.1861221 0.0388405 -0.7586226 -0.0154028 0.8929152 0.1787810 -0.4129196
1543784999.741728 -0.2996618 -0.2666324 -0.6249101 0.0045037 -0.7708321 -0.1529551 0.6183869
1543785000.077226 -0.3006303 -0.4163581 -0.4843161 0.0005576 -0.6091418 -0.1176645 0.7842838
1543785003.825096 -0.2168058 0.4238525 -0.7946429 -0.0196095 0.9306033 0.1880514 -0.3134161
1543785004.104422 -0.2157213 0.3680629 -0.8000364 -0.0157526 0.9297659 0.1983310 -0.3097612
1543785006.029899 0.0549594 0.1943526 0.1486537 -0.0120596 0.0366388 0.0224454 0.9990037
1543785007.305042 0.0167954 0.1532988 0.1131696 -0.0018444 -0.0453052 -0.0070235 0.9989468
1543785008.162875 0.0071284 0.1642775 0.1172813 -0.0009329 -0.0521382 -0.0107094 0.9985820
1543785008.735049 -0.0664996 0.2019348 0.1467514 -0.0001908 -0.0598471 -0.0153770 0.9980891
1543785009.285558 -0.1854056 0.1986393 0.1596362 0.0000628 -0.0343177 -0.0124950 0.9993328
1543785009.875483 -0.3002765 0.1871374 0.0725201 0.0043265 -0.1163687 -0.0280700 0.9927999
1543785010.363785 -0.4985567 0.2015109 -0.0304912 0.0093866 -0.2610733 -0.0700222 0.9627302
1543785010.886047 -0.6857818 0.3266816 -0.2960456 0.0123220 -0.5827881 -0.1360082 0.8010668
1543785011.229256 -0.8058503 0.3561905 -0.3121379 0.0064826 -0.6223139 -0.1331682 0.7713298
1543785011.449934 -0.8999366 0.3816460 -0.3531812 0.0079799 -0.6537830 -0.1364385 0.7442369
1543785011.755421 -1.0343115 0.4442868 -0.3760076 0.0078287 -0.7002265 -0.1436006 0.6992857
1543785012.045205 -1.1748753 0.5551490 -0.3182616 0.0041469 -0.7211585 -0.1440628 0.6776128
1543785012.325403 -1.2627996 0.7926238 -0.1650708 0.0025872 -0.6831608 -0.1303322 0.7185389
1543785012.586064 -1.3231952 1.0042679 -0.0757592 0.0075005 -0.7017652 -0.1307536 0.7002662
