1543540242.897241 0.0000000 0.0000000 0.0000000 0.0000000 0.0000000 0.0000000 1.0000000
1543540242.985379 -0.0287566 0.0002055 0.0078376 -0.0004094 -0.0015413 -0.0001961 0.9999987
1543540243.220225 -0.0982418 0.0134041 0.0231600 -0.0009575 -0.0002130 0.0007372 0.9999992
1543540243.615131 -0.2329915 0.0475053 0.0741134 -0.0003991 0.0660837 0.0141223 0.9977140
1543540243.762844 -0.2507993 0.0470957 0.0886016 -0.0017240 0.0860889 0.0200369 0.9960845
1543540243.946556 -0.2689702 0.0519884 0.1076768 -0.0047710 0.1047326 0.0264459 0.9941373
1543540244.130886 -0.2829392 0.0587734 0.1166680 -0.0054976 0.1050737 0.0288730 0.9940300
1543540244.826346 -0.1558521 -0.0424820 -0.0265450 0.0045664 -0.0175279 0.0073412 0.9998090
1543540245.674067 0.0911861 -0.0455296 -0.1222662 0.0005465 -0.0477291 -0.0028209 0.9988562
1543540246.192068 0.2246914 -0.0183720 -0.1165313 -0.0002091 0.0383802 0.0128868 0.9991801
1543540246.473436 0.2912618 0.0048515 -0.1235787 -0.0011348 0.0970558 0.0255260 0.9949509
1543540246.751615 0.3296351 0.0346146 -0.1189828 -0.0011059 0.1435491 0.0345649 0.9890388
1543540247.318557 0.3566499 0.0500493 -0.1159932 -0.0016335 0.1650667 0.0379749 0.9855497
1543540247.644497 0.3898010 0.0716412 -0.1090710 -0.0029978 0.2085887 0.0486664 0.9767873
1543540247.925290 0.3399011 0.0835055 -0.0999722 -0.0001753 0.1621342 0.0343551 0.9861705
1543540248.290701 0.2799921 0.0537555 -0.0917103 0.0001942 0.1109941 0.0225847 0.9935644
1543540249.885638 0.0622550 -0.0119449 -0.0973544 0.0031253 -0.1203017 -0.0249470 0.9924189
1543540250.325136 0.0323798 -0.0098780 -0.0609588 0.0026668 -0.1817263 -0.0340429 0.9827561
1543540253.447332 -0.1638464 0.0213734 -0.3190984 0.0077688 -0.4846421 -0.0986768 0.8690941
1543540253.721453 -0.1583793 0.0236582 -0.3468978 0.0059659 -0.5096256 -0.1045878 0.8539951
1543540254.112803 -0.1968809 0.0268769 -0.3598496 0.0050877 -0.5333538 -0.1099150 0.8387052
1543540263.336994 -0.1775640 0.1122809 -0.6240429 -0.0226202 0.8746329 0.1776985 -0.4504763
1543540269.144937 -0.2043612 0.1931225 -0.6530153 -0.0183718 0.8875532 0.1783367 -0.4243913
1543540272.969423 -0.1845833 0.2600566 -0.1905445 0.0024930 -0.2288766 -0.0368955 0.9727528
1543540273.419984 -0.0638924 0.2334150 -0.1509739 -0.0019211 -0.1001213 -0.0080672 0.9949407
1543540275.401059 0.0896805 0.2084911 -0.1368104 0.0005302 -0.0248274 -0.0096123 0.9996454
1543540278.242114 -0.1317861 0.2328186 0.0784676 0.0053812 -0.1480871 -0.0179763 0.9887963
1543540278.760762 -0.1486613 0.2437203 0.0758075 0.0031011 -0.1934577 -0.0319959 0.9805818
1543540280.193174 -0.1677467 0.2336113 0.0969731 0.0037426 -0.1739172 -0.0339308 0.9841684
1543540331.322822 -0.3069827 -0.2772653 -0.8894009 0.0129012 -0.7631354 -0.1571681 0.6267025
1543540333.126292 -0.4136127 -0.0136569 -0.9150093 0.0118981 -0.7978853 -0.1574720 0.5817561
1543540342.566829 -0.1863910 0.2669003 -0.0095035 -0.0039976 -0.0898856 -0.0174021 0.9957920
1543540345.032689 -0.1496314 0.3329048 -0.9372783 -0.0182346 0.9330919 0.1771297 -0.3124613
1543540352.499857 0.0799338 0.2201589 -0.0081972 -0.0009619 0.0780780 0.0259639 0.9966086
1543540353.032403 0.0189504 0.2213070 -0.0249697 0.0038196 0.0120661 0.0060459 0.9999017
1543540353.680306 -0.1764886 0.0250478 -0.1361919 0.0034959 -0.1916185 -0.0406916 0.9806194
1543540354.494224 -0.3198878 -0.1918429 -0.6838914 0.0203140 -0.6707631 -0.1376949 0.7284946
1543540355.048531 -0.0389292 0.0751966 -1.0384732 -0.0281614 0.9388443 0.2081504 -0.2728586
1543540355.380070 -0.1112742 0.3355069 -0.8950199 -0.0349277 0.9639168 0.1667091 -0.2045788
1543540355.544553 -0.1591772 0.2835636 -0.8888099 -0.0249844 0.9604458 0.1770292 -0.2134954
1543540355.983976 -0.1227306 0.3045176 -0.9090321 -0.0270094 0.9482147 0.1648208 -0.2701729
1543540356.346123 -0.1184237 0.3047403 -0.9078864 -0.0279028 0.9489978 0.1672276 -0.2658186
1543540356.545301 -0.1145447 0.2972160 -0.9048747 -0.0266324 0.9484937 0.1704008 -0.2657330
1543540356.713347 -0.1309758 0.3241753 -0.9190356 -0.0277640 0.9438542 0.1621564 -0.2864853
1543540356.957574 -0.0969828 0.3082255 -0.9224280 -0.0221488 0.8979724 0.1147395 -0.4242521
1543540357.181908 -0.1131479 0.3018770 -0.9126784 -0.0206188 -0.8086499 -0.0499267 0.5858051
1543540359.769409 -0.1479811 0.3694071 -0.0423525 0.0003433 -0.1789849 -0.0432084 0.9829025
1543540360.286025 -0.3503394 0.3629823 -0.1809707 0.0057144 -0.4023312 -0.0869240 0.9113404
1543540360.725112 -0.4400483 0.3711435 -0.4007053 0.0165059 -0.6299649 -0.1348104 0.7646554
1543540361.054688 -0.3641047 0.3540466 -0.6768045 0.0269801 -0.7891847 -0.1701679 0.5894935
1543540362.027109 -0.0638204 0.3280674 -0.9820910 -0.0282333 0.9331253 0.1865759 -0.3060547
1543540362.380260 -0.0798301 0.3273985 -0.9758934 -0.0246218 0.9302341 0.1815107 -0.3179814
1543540363.028830 -0.2789989 -0.2809177 -0.6884241 0.0059861 -0.7073847 -0.1317969 0.6944066
1543540363.318225 -0.2519093 -0.3749821 -0.5656015 0.0038617 -0.5652154 -0.1007046 0.8187644
1543540363.674210 -0.1013250 -0.4292974 -0.3617269 -0.0055959 -0.3542522 -0.0518275 0.9336959
1543540367.244876 -0.1851014 0.4568031 -0.9212202 -0.0192765 0.9317327 0.1865273 -0.3109825
1543540369.957510 0.0839521 0.2363944 0.0005559 -0.0031832 -0.0430386 0.0022483 0.9990658
1543540371.284838 0.0667602 0.2527752 0.0032650 -0.0007054 -0.0503900 -0.0060621 0.9987110
1543540371.898727 -0.0126581 0.2917616 0.0337183 -0.0007795 -0.0593292 -0.0117028 0.9981696
1543540372.473676 -0.1540833 0.2857826 0.0432604 0.0006398 -0.0343372 -0.0088317 0.9993711
1543540373.105088 -0.2568143 0.2646295 -0.0625785 0.0039268 -0.1164827 -0.0227286 0.9929249
1543540374.891597 -1.0991760 0.4933282 -0.5158908 0.0071816 -0.6988885 -0.1434099 0.7006689
1543540375.169092 -1.2316821 0.5867771 -0.4705733 0.0039444 -0.7204556 -0.1455315 0.6780477
1543540375.436790 -1.3310994 0.8209349 -0.3168381 0.0002426 -0.6834158 -0.1307839 0.7182189
1543540375.679597 -1.3898216 0.9980851 -0.2313119 0.0013314 -0.7011020 -0.1321536 0.7007066
1543540377.427958 -1.4089023 1.1588523 -0.1818409 0.0101445 -0.7030084 -0.1332580 0.6985117
1543540379.428930 -1.4083703 1.1601020 -0.1833734 0.0098305 -0.7013541 -0.1332623 0.7001764
1543540380.400080 -1.4087708 1.1603760 -0.1813255 0.0101014 -0.7012075 -0.1332816 0.7003157
