1543542989.091958 0.0000000 0.0000000 0.0000000 0.0000000 0.0000000 0.0000000 1.0000000
1543542989.121903 -0.0262372 0.0017587 0.0024089 -0.0001275 0.0019389 0.0003049 0.9999980
1543542989.212850 -0.0502816 0.0051715 0.0113173 -0.0000553 0.0096348 0.0018691 0.9999518
1543542989.682369 -0.1490254 0.0321897 0.0775561 -0.0046814 0.1007677 0.0259774 0.9945598
1543542989.831704 -0.1630056 0.0365605 0.0891006 -0.0047819 0.1071415 0.0282213 0.9938317
1543542990.175647 -0.1555633 0.0243885 0.0692381 -0.0031605 0.0803090 0.0262365 0.9964197
1543542991.460812 0.1911365 -0.0603747 -0.1473756 0.0014099 -0.0516077 -0.0037706 0.9986593
1543542991.944304 0.3342008 -0.0413169 -0.1433230 -0.0019700 0.0315542 0.0119926 0.9994282
1543542993.132270 0.4755297 0.0299571 -0.1435044 -0.0038782 0.1637806 0.0374598 0.9857777
1543542993.554973 0.5035697 0.0631833 -0.1282012 -0.0033093 0.2059718 0.0471857 0.9774140
1543542993.930904 0.4234919 0.0522568 -0.1241258 -0.0018323 0.1303493 0.0259478 0.9911268
1543542994.316621 0.3747689 0.0259818 -0.1185645 -0.0007418 0.0768177 0.0165876 0.9969069
1543542994.639923 0.3364084 0.0166022 -0.1203689 0.0008627 0.0306777 0.0071614 0.9995033
1543542995.443914 0.2141011 -0.0284501 -0.1266873 0.0011378 -0.0827396 -0.0167201 0.9964303
1543542995.962772 0.1501643 -0.0333267 -0.1095878 0.0002445 -0.1572403 -0.0295944 0.9871168
1543542996.462863 0.0980480 -0.0313901 -0.0535312 0.0026887 -0.2380161 -0.0466655 0.9701357
1543542999.425979 -0.0483860 0.0150161 -0.3621279 0.0078774 -0.5041893 -0.1045387 0.8572064
1543543004.691473 -0.1080931 -0.5178140 -0.7447087 0.0151683 -0.6351014 -0.1262862 0.7618845
1543543005.480296 -0.1109082 -0.5029812 -0.8132420 0.0159893 -0.7370619 -0.1492263 0.6589504
1543543008.596756 -0.1075640 0.0949314 -0.5876858 0.0216103 -0.8109791 -0.1656289 0.5607255
1543543013.426538 -0.0886859 0.1244705 -0.6359363 -0.0184789 0.8508694 0.1732840 -0.4956334
1543543018.736014 -0.0789409 0.2473721 -0.2162114 0.0027605 -0.2395034 -0.0373186 0.9701741
1543543019.162333 0.0243562 0.2258845 -0.1813263 -0.0005997 -0.1211374 -0.0124257 0.9925578
1543543019.617227 0.1772123 0.2116694 -0.1530691 -0.0047268 -0.0106724 0.0134896 0.9998409
1543543020.041723 0.3068390 0.1952976 -0.1517741 -0.0034094 0.0812353 0.0290226 0.9962665
1543543020.855089 0.3288822 0.1950867 -0.1579070 -0.0011299 0.1275428 0.0280941 0.9914345
1543543021.307723 0.1667760 0.1963673 -0.1680977 0.0019742 -0.0765830 -0.0208978 0.9968422
1543543021.815203 -0.0136279 0.2038156 -0.2056756 0.0040074 -0.3022534 -0.0682608 0.9507719
1543543024.071056 -0.0218064 0.2219508 0.0544008 0.0052132 -0.1481795 -0.0169519 0.9888015
1543543034.345083 -0.2718466 0.2536183 -0.3191985 0.0013763 -0.5543289 -0.0983970 0.8264597
1543543069.390900 -0.0775467 0.1873645 -0.0642921 -0.0159142 -0.2058049 -0.0117578 0.9783930
1543543076.371314 -0.3363312 0.0133102 -0.1955656 -0.0023600 -0.3487468 -0.0873808 0.9331317
1543543080.967635 -0.0087607 0.2748574 0.0466904 -0.0052935 -0.1176428 -0.0291169 0.9926149
1543543085.473233 -0.4424480 0.1233465 -0.5713412 -0.0026692 -0.6351542 -0.1277110 0.7617493
1543543090.134089 -0.0593248 0.3040926 -0.9527397 -0.0164980 0.9366081 0.1842350 -0.2975743
1543543093.611099 0.0916374 0.1609143 -0.0370725 0.0023402 -0.0180115 -0.0037196 0.9998281
1543543095.504789 -0.2095641 0.3815097 -0.9632824 -0.0171145 0.8848814 0.1889699 -0.4254203
1543543098.395851 0.1851342 0.2281371 -0.0308400 0.0014649 0.0828922 0.0231817 0.9962878
1543543100.796552 0.0322081 0.0319201 -1.0494112 -0.0291999 0.9252013 0.2055888 -0.3176211
1543543101.039189 0.0356819 0.1245696 -1.0540454 -0.0158373 0.9534798 0.2188278 -0.2067365
1543543101.267184 0.0309832 0.2128063 -1.0355213 -0.0159614 0.9492874 0.2025273 -0.2399612
1543543101.459998 0.0298070 0.2234479 -1.0355833 -0.0156890 0.9437454 0.1974269 -0.2648040
1543543102.415307 0.0382571 0.2316863 -1.0080984 -0.0184142 0.9373590 0.1923512 -0.2898622
1543543103.223746 -0.1514694 -0.1997476 -0.8310266 0.0120640 -0.7512986 -0.1419403 0.6444049
1543543103.558803 -0.1028099 -0.3351222 -0.6432479 0.0045817 -0.5590507 -0.0971571 0.8234087
1543543103.889461 0.0731527 -0.3905254 -0.4510338 -0.0027593 -0.2786717 -0.0335229 0.9597972
1543543106.485056 -0.3210375 0.3490225 -0.3725165 0.0141039 -0.5995763 -0.1290403 0.7897202
1543543106.823218 -0.2761173 0.3596209 -0.6596767 0.0287783 -0.7738870 -0.1679570 0.6099682
1543543107.414707 0.0117673 0.2794125 -1.0030284 -0.0368857 0.9368589 0.2031549 -0.2822464
1543543107.741509 0.0153016 0.3004622 -1.0001531 -0.0297904 0.9332899 0.1965215 -0.2991017
1543543108.012796 0.0184528 0.3101303 -0.9974588 -0.0263115 0.9332195 0.1940518 -0.3012525
1543543109.379787 -0.0596083 -0.4277322 -0.4649269 0.0005287 -0.4433818 -0.0748945 0.8931983
1543543110.676049 0.1307613 0.2944145 -0.0002810 -0.0004210 -0.0977312 -0.0074197 0.9951851
1543543111.198438 0.1347888 0.3053176 0.0219007 0.0003976 -0.1083975 -0.0088381 0.9940683
1543543113.058532 -0.0949250 0.4588070 -0.9426663 -0.0202124 0.9315413 0.1889893 -0.3100087
1543543113.325862 -0.1419979 0.3616089 -0.9517531 -0.0143269 0.9205318 0.2029223 -0.3335244
1543543114.897724 0.2435329 0.2731094 0.0136220 -0.0152669 0.0476692 0.0319057 0.9982368
1543543115.388760 0.2044970 0.2288374 -0.0155079 -0.0053417 -0.0233675 0.0116715 0.9996445
1543543117.220335 0.1746552 0.2441043 -0.0152948 -0.0007262 -0.0565511 -0.0066092 0.9983776
1543543117.846714 0.0646777 0.2866540 0.0124409 0.0004917 -0.0611329 -0.0118601 0.9980590
1543543118.443735 -0.0721657 0.2615061 0.0056844 0.0021737 -0.0349272 -0.0075162 0.9993593
1543543119.057445 -0.1575683 0.2537106 -0.0938211 0.0068940 -0.1159582 -0.0227465 0.9929697
1543543120.521036 -0.9034917 0.4511819 -0.5233782 0.0102240 -0.6625122 -0.1368997 0.7363637
1543543120.818021 -1.0488995 0.5212214 -0.5238678 0.0086321 -0.7189450 -0.1475838 0.6791632
1543543121.075148 -1.1706634 0.6578385 -0.4355965 0.0037271 -0.7113081 -0.1417483 0.6884288
1543543121.319711 -1.2476928 0.8681005 -0.3073417 0.0018699 -0.6802016 -0.1320043 0.7210389
1543543121.539933 -1.2978507 1.0382440 -0.2244331 0.0040625 -0.7000982 -0.1348746 0.7011811
