1543783671.834367 0.0000000 0.0000000 0.0000000 0.0000000 0.0000000 0.0000000 1.0000000
1543783671.921134 -0.0396616 0.0034263 0.0035276 0.0008398 0.0017744 -0.0004693 0.9999980
1543783672.020174 -0.0777473 0.0086407 0.0175866 0.0004925 0.0149836 0.0022709 0.9998850
1543783672.336066 -0.1543100 0.0289088 0.0640218 -0.0030171 0.0785613 0.0172684 0.9967551
1543783672.615557 -0.1808469 0.0377954 0.0942309 -0.0045952 0.1079935 0.0275394 0.9937595
1543783672.975080 -0.1731649 0.0265784 0.0731193 -0.0020490 0.0808655 0.0251586 0.9964054
1543783673.829633 0.0555511 -0.0687984 -0.1232426 0.0037956 -0.0856214 -0.0087674 0.9962819
1543783674.259672 0.1965035 -0.0628586 -0.1507901 0.0007550 -0.0481920 -0.0031917 0.9988327
1543783674.728974 0.3260621 -0.0432442 -0.1484074 -0.0023739 0.0327093 0.0114288 0.9993967
1543783674.960644 0.3731015 -0.0278220 -0.1469394 -0.0038348 0.0745360 0.0203410 0.9970035
1543783675.791613 0.4636430 0.0277481 -0.1471553 -0.0035409 0.1566977 0.0350390 0.9870185
1543783676.334666 0.5001715 0.0629390 -0.1318023 -0.0038541 0.2070227 0.0469460 0.9772015
1543783676.642752 0.4293143 0.0576630 -0.1288352 -0.0018913 0.1421965 0.0283996 0.9894292
1543783676.988010 0.3810618 0.0295906 -0.1233940 -0.0012245 0.0938815 0.0196666 0.9953884
1543783677.371749 0.3367833 0.0183741 -0.1242516 0.0001083 0.0391624 0.0087816 0.9991943
1543783678.221154 0.2122755 -0.0280068 -0.1296183 0.0011851 -0.0771287 -0.0162861 0.9968874
1543783678.600675 0.1526828 -0.0331435 -0.1197575 0.0007218 -0.1405032 -0.0277366 0.9896914
1543783679.065403 0.1259877 -0.0337528 -0.0637939 0.0013880 -0.2059961 -0.0379692 0.9778149
1543783682.256295 -0.0576616 0.0132932 -0.3732620 0.0071244 -0.5061612 -0.1044790 0.8560574
1543783682.709407 -0.0909912 0.0156442 -0.3921678 0.0058207 -0.5344393 -0.1105963 0.8379195
1543783687.264727 -0.0973468 -0.5066792 -0.7492533 0.0162476 -0.6324061 -0.1243507 0.7644184
1543783687.564848 -0.0964915 -0.5461290 -0.7901562 0.0147022 -0.6357462 -0.1259969 0.7614036
1543783688.330868 -0.0900684 -0.5165491 -0.8308275 0.0146114 -0.7437585 -0.1502052 0.6511899
1543783691.440831 -0.0844768 0.0864041 -0.6087475 0.0201337 -0.8216408 -0.1665408 0.5447615
1543783692.729818 -0.0504753 0.0862930 -0.6738131 -0.0199842 0.8874878 0.1826776 -0.4226050
1543783697.414504 -0.0624067 0.1598728 -0.6789806 -0.0194269 0.8837429 0.1808211 -0.4311900
1543783701.745134 -0.0442830 0.2426148 -0.2036391 0.0013781 -0.1859412 -0.0267261 0.9821963
1543783702.145577 0.0838937 0.2221466 -0.1720586 -0.0007726 -0.0685562 -0.0003438 0.9976469
1543783702.554358 0.2281338 0.2190704 -0.1470744 -0.0039171 0.0429726 0.0230518 0.9988026
1543783702.945391 0.3240957 0.1983206 -0.1571168 -0.0023566 0.0971012 0.0303835 0.9948078
1543783703.759031 0.2885361 0.2031081 -0.1574779 0.0016181 0.0884989 0.0174927 0.9959214
1543783704.244891 0.0977709 0.2020267 -0.1829006 0.0022757 -0.1431055 -0.0353966 0.9890717
1543783715.419754 -0.1229507 0.3502544 -0.8696077 -0.0188131 0.8935567 0.1811887 -0.4103331
1543783732.265521 -0.3043509 0.2478342 -0.4471038 0.0206171 -0.5688531 -0.1395060 0.8102587
1543783745.127114 0.1585073 0.1412945 -0.0333339 0.0070581 -0.0495232 0.0314244 0.9982535
1543783763.520290 0.0965756 0.2394409 0.0160078 -0.0074445 -0.0606345 -0.0081268 0.9980992
1543783772.591061 -0.0562862 0.2086287 -0.9739064 -0.0066001 0.9551338 0.2036561 -0.2149421
1543783774.559415 -0.3339520 0.2296003 -0.5473842 -0.0133917 -0.6569615 -0.1302485 0.7424672
1543783784.049721 0.0598768 0.1975718 -1.0452225 -0.0142788 0.9511691 0.2014851 -0.2334034
1543783784.856396 0.0767908 0.2192045 -1.0336181 -0.0170406 0.9375262 0.1886581 -0.2918261
1543783786.466111 -0.0673721 -0.3794411 -0.6053842 0.0019713 -0.4612387 -0.0756363 0.8840442
1543783788.373271 -0.0452386 0.3604357 -0.0756045 -0.0004420 -0.1794928 -0.0407754 0.9829138
1543783789.210074 -0.3250961 0.3716003 -0.3471785 0.0150201 -0.5660701 -0.1211041 0.8152747
1543783789.883549 -0.0703457 0.3408548 -0.9524977 -0.0349821 0.8919321 0.1921157 -0.4078296
1543783790.427342 0.0486629 0.2962938 -1.0286722 -0.0307458 0.9351108 0.1946568 -0.2945015
1543783790.693178 0.0600867 0.3107918 -1.0315917 -0.0260859 0.9336565 0.1902951 -0.3023125
1543783791.017118 0.0401339 0.2980946 -0.9958702 -0.0258950 0.9293073 0.1806326 -0.3210751
1543783791.277254 -0.0970011 -0.0387039 -0.9167094 -0.0164177 0.8573760 0.1704809 -0.4853587
1543783791.947978 -0.1243623 -0.4084193 -0.5875807 0.0042498 -0.5527415 -0.0985246 0.8274972
1543783792.198415 -0.0508624 -0.4075937 -0.4737219 0.0038488 -0.4205864 -0.0685615 0.9046500
1543783793.324483 0.1275839 0.3106073 0.0046113 -0.0014401 -0.0878957 -0.0063088 0.9961087
1543783794.001976 0.1145213 0.3167298 0.0253527 0.0014034 -0.1135258 -0.0103445 0.9934802
1543783795.907785 -0.0717011 0.4235221 -0.9779710 -0.0168115 0.9312540 0.1947423 -0.3075043
1543783797.698568 0.2337414 0.2812099 0.0142841 -0.0136915 0.0447434 0.0320591 0.9983901
1543783799.034128 0.1820308 0.2364502 -0.0239904 -0.0001881 -0.0462753 -0.0023124 0.9989260
1543783799.965145 0.1676397 0.2497534 -0.0175959 0.0001818 -0.0560594 -0.0065262 0.9984061
1543783800.574689 0.0666885 0.2947072 0.0102260 0.0011555 -0.0643842 -0.0128829 0.9978414
1543783801.104592 -0.0641875 0.2790571 0.0184777 0.0023633 -0.0345320 -0.0079613 0.9993691
1543783801.588036 -0.1576125 0.2722630 -0.0635825 0.0062714 -0.1130447 -0.0223759 0.9933181
1543783802.967351 -0.7826186 0.4109080 -0.4925644 0.0079757 -0.6206423 -0.1335944 0.7725879
1543783803.235732 -0.8896376 0.4399655 -0.5451314 0.0091288 -0.6553013 -0.1378765 0.7426216
1543783803.468339 -0.9976522 0.4888570 -0.5665704 0.0089327 -0.6903226 -0.1435977 0.7090519
1543783803.726813 -1.1353198 0.5780479 -0.5306993 0.0067076 -0.7188904 -0.1483555 0.6790745
1543783804.043573 -1.2634245 0.8215321 -0.3661246 0.0015110 -0.6816458 -0.1353720 0.7190488
1543783804.297453 -1.3103561 1.0222807 -0.2799161 0.0023331 -0.6979138 -0.1392442 0.7025112
