1543788161.115518 0.0000000 0.0000000 0.0000000 0.0000000 0.0000000 0.0000000 1.0000000
1543788161.223369 0.0199313 -0.0008880 -0.0152375 0.0011276 -0.0172836 -0.0039005 0.9998424
1543788161.349480 0.0424204 0.0000735 -0.0375285 -0.0005279 -0.0558532 -0.0131118 0.9983528
1543788162.021345 0.2202657 0.0044389 -0.0778064 -0.0051042 0.0030438 -0.0042182 0.9999734
1543788162.640160 0.3425371 0.0327471 -0.0887655 -0.0081122 0.1180509 0.0175498 0.9928193
1543788163.379814 0.3980106 0.0710026 -0.0872234 -0.0075517 0.1823559 0.0283305 0.9827954
1543788163.601659 0.4130079 0.0763209 -0.0889921 -0.0078131 0.2000398 0.0329898 0.9792011
1543788163.861794 0.4340083 0.0944790 -0.0804907 -0.0077421 0.2362150 0.0416782 0.9707757
1543788164.125683 0.3886422 0.1022070 -0.0731227 -0.0052960 0.1804702 0.0253793 0.9832387
1543788165.466250 0.2310268 0.0435391 -0.0645649 -0.0030651 -0.0125688 -0.0139389 0.9998192
1543788165.822129 0.1868019 0.0318352 -0.0592879 -0.0029732 -0.0567138 -0.0224933 0.9981326
1543788166.196150 0.1430527 0.0287883 -0.0497108 -0.0043127 -0.1145415 -0.0321673 0.9928882
1543788169.593775 -0.0398068 0.0632603 -0.2257388 0.0000014 -0.4550802 -0.1008951 0.8847159
1543788175.529881 -0.0962859 -0.4396735 -0.5704929 -0.0018385 -0.6671457 -0.1370960 0.7322007
1543788176.417554 -0.1406920 -0.3215401 -0.5558035 -0.0023101 -0.7034417 -0.1468029 0.6954231
1543788177.089282 -0.1217086 -0.1523555 -0.4476903 0.0008116 -0.7411724 -0.1493907 0.6544809
1543788177.809167 -0.0663116 0.0691145 -0.3807808 0.0042391 -0.6792612 -0.1374281 0.7209020
1543788185.227180 -0.0688768 0.1844952 -0.5207301 -0.0070940 0.8751380 0.1806908 -0.4488139
1543788189.437105 0.0053995 0.2487116 -0.1027774 -0.0054712 -0.1300770 -0.0233639 0.9912135
1543788189.903244 0.1350310 0.2311611 -0.0833438 -0.0064496 0.0019121 0.0050105 0.9999648
1543788190.299990 0.2387637 0.2234686 -0.0789889 -0.0079719 0.0928991 0.0214764 0.9954120
1543788190.699523 0.3009763 0.2120576 -0.0949825 -0.0055543 0.1391524 0.0258000 0.9899192
1543788191.300376 0.2657120 0.2166055 -0.0895900 -0.0037153 0.1314588 0.0169024 0.9911706
1543788191.710704 0.1372261 0.2193448 -0.0926799 -0.0028266 -0.0672825 -0.0285872 0.9973204
1543788192.635301 -0.0337957 0.2108365 -0.0269706 -0.0067501 -0.2089681 -0.0492781 0.9766567
1543788208.662692 -0.1561499 0.2519091 -0.5263106 0.0130930 -0.7867478 -0.1732532 0.5923173
1543788213.524698 0.1225145 0.1855281 0.0201695 -0.0025401 -0.0586272 -0.0188108 0.9980994
1543788214.577484 -0.2237160 0.2352917 -0.3142121 0.0090353 -0.5795618 -0.1390406 0.8029285
1543788222.511060 -0.2372853 0.1345241 -0.0814535 -0.0260390 -0.4095293 -0.0911118 0.9073623
1543788232.713973 0.1527240 0.1724473 0.0206971 0.0043485 -0.0228623 0.0261162 0.9993880
1543788249.894243 -0.2002532 -0.2364899 -0.3207187 -0.0083344 -0.4278249 -0.0744786 0.9007493
1543788250.170095 -0.1155986 0.1285328 0.0102899 -0.0166878 -0.2373866 -0.0344364 0.9706613
1543788250.653844 0.1003632 0.2535775 0.0541550 -0.0180245 -0.0373876 0.0010732 0.9991377
1543788251.197758 0.0976969 0.2626412 0.0758153 -0.0112909 -0.0403341 -0.0150919 0.9990085
1543788259.193066 -0.2982591 0.2487683 -0.2254686 0.0039597 -0.4452785 -0.1069606 0.8889717
1543788263.486250 0.0796638 0.1762392 -0.0039273 0.0022785 0.0038018 -0.0099345 0.9999408
1543788264.070442 0.0851987 0.1659651 0.0263536 0.0014513 0.0191203 -0.0112587 0.9997528
1543788268.613750 0.1729636 0.2062971 0.0204625 -0.0056335 0.0764344 0.0161791 0.9969274
1543788271.215118 0.0455590 0.1127595 -0.7901610 -0.0170342 0.9292777 0.1905157 -0.3160009
1543788271.439220 -0.0279434 0.4362424 -0.6170089 -0.0556881 0.9727662 0.1249910 -0.1870881
1543788271.602022 -0.0648713 0.2494577 -0.6926419 -0.0139844 0.9597723 0.1824943 -0.2129260
1543788271.937762 -0.0657308 0.2501055 -0.6947463 -0.0092009 0.9505271 0.1775790 -0.2547142
1543788272.381899 -0.0627623 0.2313907 -0.6919924 -0.0084329 0.9448357 0.1801890 -0.2733976
1543788272.568647 -0.0606668 0.2286966 -0.6900172 -0.0080375 0.9456519 0.1820856 -0.2693002
1543788272.775956 -0.0621095 0.2307478 -0.6920186 -0.0085537 0.9451579 0.1841800 -0.2695943
1543788273.211900 -0.0818555 0.2818543 -0.7055229 -0.0089137 0.8750038 0.0975881 -0.4740943
1543788273.413138 -0.0841009 0.2699943 -0.6927406 -0.0249428 -0.7960771 -0.0487376 0.6027136
1543788274.246127 0.0189347 -0.2823630 -0.3718397 -0.0115138 -0.2839651 -0.0461505 0.9576541
1543788276.096940 -0.0669486 0.3494877 -0.0191384 -0.0046666 -0.2133663 -0.0593806 0.9751548
1543788276.942274 -0.2375338 0.3346238 -0.3068647 0.0061323 -0.6272909 -0.1416893 0.7657627
1543788277.322800 -0.1654916 0.3419227 -0.6123872 0.0197618 -0.8181883 -0.1789601 0.5460318
1543788277.991827 -0.0013679 0.2751175 -0.7877340 -0.0177353 0.9276620 0.1960696 -0.3173096
1543788278.328928 0.0025096 0.2779054 -0.7945312 -0.0121540 0.9255087 0.1945325 -0.3247200
1543788278.685786 -0.0356751 0.2176972 -0.7522095 -0.0129815 0.9101077 0.1847893 -0.3706594
1543788279.921791 0.0641388 -0.3005671 -0.2136479 -0.0124088 -0.2722775 -0.0443546 0.9611158
1543788283.561693 -0.0918979 0.3755997 -0.7420728 -0.0053729 0.9217933 0.1985958 -0.3329083
1543788285.740127 0.1846847 0.2455282 0.0317135 -0.0098181 0.0055464 0.0076254 0.9999073
1543788287.523826 0.1644595 0.2583552 0.0306882 -0.0044911 -0.0291382 -0.0107968 0.9995070
1543788288.105232 0.0952996 0.2926607 0.0596134 -0.0042585 -0.0361010 -0.0153704 0.9992208
1543788288.623112 -0.0016006 0.2898552 0.0765230 -0.0023698 -0.0096669 -0.0123747 0.9998739
1543788289.180592 -0.1077184 0.2793559 0.0066254 0.0003362 -0.0852677 -0.0270877 0.9959897
1543788290.456942 -0.5886970 0.3759734 -0.3165466 -0.0020473 -0.5994986 -0.1366935 0.7886140
1543788291.123286 -0.8176395 0.4689767 -0.3649797 -0.0021294 -0.6878514 -0.1460477 0.7110035
1543788291.405141 -0.9219381 0.5527777 -0.3114901 -0.0057650 -0.7009200 -0.1474552 0.6978071
1543788291.688534 -1.0056528 0.7657668 -0.1688499 -0.0083887 -0.6600699 -0.1348300 0.7389575
1543788293.516391 -1.0521729 0.9994196 -0.0868340 0.0033339 -0.6818331 -0.1394512 0.7180849
1543788294.919886 -1.0533566 0.9999173 -0.0854767 0.0029793 -0.6810498 -0.1396850 0.7187840
1543788296.112138 -1.0525140 0.9998012 -0.0862168 0.0032010 -0.6803418 -0.1401307 0.7193664
1543788296.523534 -1.0535661 0.9998719 -0.0853694 0.0032136 -0.6804467 -0.1402065 0.7192525
