1543544403.787873 0.0000000 0.0000000 0.0000000 0.0000000 0.0000000 0.0000000 1.0000000
1543544403.873308 -0.0215508 -0.0009769 0.0061126 0.0001165 -0.0030794 -0.0016436 0.9999939
1543544404.293288 -0.1533645 0.0212041 0.0314090 0.0025038 -0.0013634 -0.0018224 0.9999943
1543544404.685594 -0.2594811 0.0456862 0.0855431 -0.0012534 0.0747995 0.0160668 0.9970683
1543544404.853904 -0.2762655 0.0503669 0.1052137 -0.0036371 0.0997219 0.0244374 0.9947085
1543544405.021634 -0.2907633 0.0597220 0.1173840 -0.0020653 0.1059663 0.0276741 0.9939824
1543544405.298720 -0.2828051 0.0457703 0.0984386 -0.0016064 0.0826235 0.0246966 0.9962735
1543544406.611405 0.0559719 -0.0384275 -0.1113928 0.0038520 -0.0553962 -0.0057228 0.9984406
1543544407.094517 0.1885710 -0.0184203 -0.1074732 0.0013270 0.0293473 0.0100309 0.9995181
1543544407.508674 0.2699040 0.0080723 -0.1166884 -0.0008006 0.1028052 0.0255148 0.9943739
1543544407.753753 0.2981079 0.0353223 -0.1071690 -0.0014359 0.1429331 0.0330277 0.9891801
1543544408.235393 0.3226275 0.0445622 -0.1054567 -0.0020468 0.1584251 0.0356060 0.9867266
1543544408.740591 0.3407994 0.0811613 -0.0871164 0.0000557 0.1989153 0.0429324 0.9790758
1543544409.007148 0.2841056 0.0727743 -0.0899292 0.0008585 0.1391156 0.0270279 0.9899068
1543544409.700124 0.2007245 0.0366287 -0.0861319 0.0020841 0.0406301 0.0076483 0.9991428
1543544410.843992 0.0383922 -0.0084523 -0.0857721 0.0047234 -0.1233369 -0.0272907 0.9919783
1543544411.241159 0.0107561 -0.0080584 -0.0562074 0.0038152 -0.1793628 -0.0356608 0.9831291
1543544415.003797 -0.1888155 0.0276563 -0.3401183 0.0065438 -0.5359364 -0.1137490 0.8365349
1543544421.099699 -0.2499169 -0.4136375 -0.7009280 0.0120452 -0.7270932 -0.1487729 0.6701172
1543544430.065064 -0.1998972 0.1889200 -0.6290311 -0.0198258 0.8884484 0.1862742 -0.4190088
1543544433.640612 -0.2386566 0.2649318 -0.2032999 0.0076354 -0.3184140 -0.0559725 0.9462671
1543544434.021908 -0.1784339 0.2517802 -0.1704651 0.0044696 -0.2135094 -0.0339629 0.9763402
1543544434.364899 -0.0902986 0.2347939 -0.1399463 0.0015541 -0.1144382 -0.0117410 0.9933597
1543544434.714510 0.0267513 0.2224668 -0.1180378 -0.0008461 -0.0195752 0.0097747 0.9997603
1543544435.074007 0.1320917 0.2163037 -0.1067181 -0.0009479 0.0649222 0.0252475 0.9975705
1543544436.437107 0.0311753 0.2095332 -0.1301952 0.0052043 -0.0792056 -0.0229536 0.9965804
1543544436.866612 -0.1007315 0.2084946 -0.1637182 0.0052439 -0.2556748 -0.0591969 0.9649345
1543544484.570636 -0.1805879 0.1931908 -0.0292353 -0.0142896 -0.1912233 -0.0097852 0.9813938
1543544485.058226 -0.1158737 0.1894637 0.0084658 -0.0046348 -0.0859555 0.0017974 0.9962866
1543544494.439430 -0.3276372 -0.4103106 -0.6769122 0.0069670 -0.6080242 -0.1087397 0.7864056
1543544495.937355 -0.0262639 0.2450033 0.0484415 -0.0058225 -0.0661559 -0.0106119 0.9977359
1543544504.989032 -0.1305543 0.2071118 -1.0379602 -0.0033962 0.9416149 0.2205667 -0.2543623
1543544509.302067 -0.3521666 -0.2403908 -0.4063996 0.0065932 -0.2214884 -0.0498628 0.9738650
1543544510.734618 -0.2740667 0.3801691 -0.9190521 -0.0193407 0.8911518 0.1911045 -0.4110395
1543544511.826540 -0.2155608 0.1939267 -0.8698117 -0.0155757 0.8838096 0.1881087 -0.4280808
1543544513.622200 0.0308145 0.2422973 0.0036499 0.0050618 0.0660627 0.0170636 0.9976567
1543544517.479232 -0.0320659 0.2494398 -0.9465217 -0.0205499 0.9377949 0.1936240 -0.2874511
1543544518.329478 -0.2611664 -0.1582793 -0.8286356 0.0125027 -0.7610070 -0.1510704 0.6307851
1543544518.923668 -0.1477897 -0.3455204 -0.5262414 0.0025116 -0.4075522 -0.0658041 0.9108045
1543544519.216130 0.0532461 -0.3444701 -0.3303719 -0.0092033 -0.1293219 -0.0023556 0.9915572
1543544521.872586 -0.4233434 0.3805326 -0.5333861 0.0263008 -0.7149663 -0.1584285 0.6804644
1543544522.570314 -0.0769389 0.2734794 -0.9755471 -0.0357865 0.9349516 0.2120570 -0.2821643
1543544522.825277 -0.0717933 0.3065020 -0.9633047 -0.0313103 0.9329450 0.2024716 -0.2960381
1543544523.093922 -0.0724167 0.3000684 -0.9649234 -0.0266456 0.9317261 0.2042104 -0.2991231
1543544523.334340 -0.0741188 0.3260825 -0.9620359 -0.0256079 0.9287823 0.1916919 -0.3161674
1543544523.604039 -0.2128679 0.0151782 -0.8808396 -0.0174868 0.8697197 0.1838436 -0.4576935
1543544523.814494 -0.2710592 -0.1582190 -0.7580183 0.0106721 -0.7877873 -0.1568151 0.5955555
1543544524.096153 -0.2850991 -0.3019441 -0.6328083 0.0058555 -0.6579237 -0.1259465 0.7424551
1543544524.653172 -0.0686914 -0.3979880 -0.3289555 -0.0034402 -0.3315458 -0.0490450 0.9421572
1543544530.036290 0.1007008 0.2791647 0.0442566 -0.0131062 0.0458507 0.0312099 0.9983746
1543544530.466297 0.0667718 0.2371800 0.0166067 -0.0035818 -0.0226409 0.0114048 0.9996722
1543544532.309862 0.0419921 0.2502899 0.0120038 0.0019372 -0.0578225 -0.0080729 0.9982924
1543544532.806691 -0.0233148 0.2836857 0.0403525 0.0022016 -0.0634883 -0.0121269 0.9979064
1543544533.287569 -0.1173200 0.2842920 0.0587874 0.0017073 -0.0404339 -0.0094548 0.9991360
1543544533.766626 -0.2239145 0.2609779 0.0068565 0.0076910 -0.0478844 -0.0094733 0.9987783
1543544534.204927 -0.2764116 0.2628534 -0.0619152 0.0089080 -0.1191748 -0.0246603 0.9925270
1543544534.639673 -0.5950409 0.3214700 -0.2014374 0.0101919 -0.4085152 -0.0998726 0.9072138
1543544534.951170 -0.7366704 0.3989109 -0.3962473 0.0172297 -0.5733564 -0.1351032 0.8079064
1543544535.163563 -0.7926917 0.4031177 -0.4443825 0.0127368 -0.6155394 -0.1385435 0.7757285
1543544535.519557 -0.9253004 0.4326965 -0.4748719 0.0103246 -0.6494340 -0.1395369 0.7474346
1543544536.061850 -1.1671755 0.5620027 -0.4724298 0.0083624 -0.7211721 -0.1496304 0.6763517
1543544536.291897 -1.2547106 0.7238052 -0.3661007 0.0044674 -0.6970417 -0.1384259 0.7035276
1543544536.503838 -1.3166236 0.8997114 -0.2722686 0.0048947 -0.6852500 -0.1337295 0.7159084
1543544536.677666 -1.3473386 1.0103929 -0.2148015 0.0056225 -0.7025802 -0.1368028 0.6983083
1543544537.196651 -1.3557492 1.1327978 -0.1733172 0.0159085 -0.7040446 -0.1397999 0.6960776
1543544541.857574 -1.3500001 1.1344342 -0.1721713 0.0144564 -0.7027050 -0.1396680 0.6974881
1543544541.931745 -1.3500144 1.1346521 -0.1720398 0.0144624 -0.7027198 -0.1394202 0.6975226
