1543782809.299536 0.0000000 0.0000000 0.0000000 0.0000000 0.0000000 0.0000000 1.0000000
1543782809.396654 -0.0343319 0.0009716 0.0026914 0.0004032 -0.0029183 -0.0011378 0.9999950
1543782809.517180 -0.0713247 0.0026064 0.0107571 -0.0010866 0.0073063 0.0009569 0.9999723
1543782809.933041 -0.1603465 0.0257487 0.0705322 -0.0055721 0.0942730 0.0238977 0.9952439
1543782810.042508 -0.1715644 0.0302693 0.0808919 -0.0067719 0.1008400 0.0253772 0.9945559
1543782810.420230 -0.1767371 0.0270376 0.0767153 -0.0057072 0.0857243 0.0258504 0.9959671
1543782811.343246 0.0404644 -0.0660685 -0.1142921 0.0030533 -0.0879271 -0.0093547 0.9960783
1543782811.819111 0.1821752 -0.0600781 -0.1417547 -0.0003279 -0.0444453 -0.0021915 0.9990094
1543782812.275207 0.2994776 -0.0397480 -0.1386772 -0.0033705 0.0368844 0.0120852 0.9992408
1543782812.478882 0.3413259 -0.0248065 -0.1402297 -0.0044500 0.0803238 0.0206165 0.9965457
1543782812.910218 0.3985920 0.0158407 -0.1362185 -0.0057900 0.1464936 0.0340011 0.9886101
1543782813.578491 0.4378628 0.0334883 -0.1382363 -0.0052716 0.1835435 0.0415894 0.9821172
1543782814.140019 0.3838860 0.0488022 -0.1209879 -0.0039915 0.1426639 0.0283077 0.9893582
1543782814.476161 0.3436413 0.0219116 -0.1162088 -0.0047046 0.0991255 0.0202333 0.9948581
1543782814.793236 0.3097807 0.0150452 -0.1173284 -0.0023317 0.0515180 0.0112986 0.9986054
1543782816.009511 0.1413022 -0.0307714 -0.1161988 0.0009510 -0.1276232 -0.0253205 0.9914990
1543782819.379822 -0.0774470 0.0057108 -0.2892219 0.0095239 -0.4554017 -0.0901579 0.8856580
1543782820.077160 -0.0711573 0.0054759 -0.3682397 0.0051051 -0.5339137 -0.1079615 0.8386027
1543782820.495562 -0.1262741 0.0018162 -0.3808478 0.0049442 -0.5477961 -0.1111854 0.8291760
1543782825.553919 -0.1146735 -0.5217282 -0.7656811 0.0136424 -0.7182990 -0.1418519 0.6809835
1543782829.171739 -0.1054384 0.1041993 -0.5971488 0.0224243 -0.8471152 -0.1682138 0.5035844
1543782835.448261 -0.1555741 0.2295661 -0.6448677 -0.0177069 0.8775123 0.1701494 -0.4480042
1543782839.170919 -0.0737533 0.2240536 -0.2025323 -0.0003356 -0.2131639 -0.0301773 0.9765502
1543782839.557141 0.0341827 0.2042059 -0.1673062 -0.0033432 -0.0941496 -0.0052865 0.9955384
1543782841.796770 0.0689192 0.1821717 -0.1734568 0.0000258 -0.1588192 -0.0373448 0.9866012
1543782844.432805 -0.0459285 0.2164974 0.0515791 0.0046165 -0.1611358 -0.0209431 0.9866992
1543782845.907951 -0.0395728 0.2123528 0.0772145 -0.0002280 -0.1639901 -0.0262391 0.9861129
1543782854.850661 -0.2227763 0.2382798 -0.2121043 0.0015639 -0.4706649 -0.0763373 0.8790021
1543782889.243491 -0.3661540 0.2017849 -0.4681788 -0.0129373 -0.6299508 -0.1062272 0.7692271
1543782899.605266 -0.2146815 -0.4521859 -0.6825702 0.0044899 -0.5854880 -0.1016396 0.8042718
1543782899.874108 -0.2155741 -0.1902891 -0.2993366 0.0022065 -0.4028629 -0.0556603 0.9135637
1543782912.274538 -0.2566499 0.1776540 -0.1952689 -0.0237044 -0.3783650 -0.0613089 0.9233197
1543782913.202065 0.0502293 0.1345521 -0.0687551 0.0058509 -0.0199194 -0.0039285 0.9997767
1543782918.751604 0.1425470 0.2169098 -0.0281586 0.0000859 0.0773511 0.0214310 0.9967735
1543782919.199320 0.0997198 0.1940686 -0.0494598 0.0023326 0.0019916 0.0045160 0.9999851
1543782920.138650 -0.2334836 -0.1518990 -0.3794879 0.0122201 -0.4081927 -0.0891406 0.9084511
1543782921.020923 0.0188681 -0.0167784 -0.9852968 -0.0295747 0.9072427 0.1911878 -0.3734747
1543782921.427687 0.0207933 0.1511986 -1.0345728 -0.0151749 0.9529183 0.2102506 -0.2179704
1543782921.560470 0.0223895 0.1738340 -1.0448430 -0.0125668 0.9479296 0.2061021 -0.2424737
1543782921.756414 0.0147013 0.1689628 -1.0475373 -0.0096186 0.9421025 0.2041840 -0.2658181
1543782921.922574 0.0490071 0.2233305 -1.0183477 -0.0185832 0.9386487 0.1868175 -0.2892966
1543782923.940224 -0.0930412 -0.3444762 -0.6010104 0.0037965 -0.4893043 -0.0823581 0.8682073
1543782924.212356 0.0606803 -0.3692482 -0.4156331 -0.0025937 -0.2848142 -0.0338422 0.9579816
1543782925.029363 0.1929622 0.1445586 -0.0775864 -0.0097327 -0.0095353 0.0142140 0.9998062
1543782925.506630 0.1040118 0.2699498 -0.0701445 -0.0027581 -0.0813367 -0.0092834 0.9966396
1543782927.303352 -0.1556591 0.3340958 -0.8461764 -0.0369900 0.8584650 0.1845641 -0.4770803
1543782927.507185 0.0096539 0.2879388 -0.9720054 -0.0424111 0.9262493 0.1933067 -0.3207742
1543782927.967638 0.0264335 0.3023678 -0.9911939 -0.0339030 0.9336944 0.1891470 -0.3021402
1543782928.441381 0.0141819 0.2848105 -1.0131717 -0.0249965 0.9289620 0.1913790 -0.3158779
1543782928.682768 -0.0461252 0.1572292 -0.8821118 -0.0213035 0.8944640 0.1562140 -0.4184226
1543782933.382184 -0.0799227 0.4777375 -0.9244560 -0.0251396 0.9325379 0.1766402 -0.3139097
1543782933.620250 -0.1196966 0.3965362 -0.9193189 -0.0198810 0.9225359 0.1866397 -0.3371912
1543782935.232437 0.2026759 0.2571203 0.0139952 -0.0161753 0.0445883 0.0324011 0.9983488
1543782935.621253 0.1706254 0.2135885 -0.0141970 -0.0080046 -0.0216605 0.0129054 0.9996501
1543782937.457119 0.1449388 0.2273254 -0.0184619 -0.0019404 -0.0563821 -0.0062107 0.9983881
1543782937.913690 0.0889098 0.2571928 0.0079401 -0.0026522 -0.0622582 -0.0092872 0.9980133
1543782938.399129 -0.0028921 0.2620208 0.0277419 -0.0015523 -0.0392811 -0.0064610 0.9992061
1543782938.840269 -0.1097105 0.2334524 -0.0156311 0.0011665 -0.0420518 -0.0077474 0.9990847
1543782939.333874 -0.1639082 0.2349401 -0.0924935 0.0036708 -0.1192998 -0.0208200 0.9926332
1543782940.736380 -0.8434460 0.4143956 -0.5198678 0.0105662 -0.6570354 -0.1338209 0.7418118
1543782941.053499 -0.9661037 0.4747259 -0.5340814 0.0100273 -0.7084385 -0.1417727 0.6913139
1543782941.337731 -1.1013241 0.5991036 -0.4617372 0.0053655 -0.7182286 -0.1394269 0.6816738
1543782941.572639 -1.1701481 0.8021827 -0.3417271 0.0022680 -0.6824172 -0.1268540 0.7198678
1543782941.780564 -1.2291540 0.9437470 -0.2935259 0.0046363 -0.7004215 -0.1293898 0.7018878
1543782941.944900 -1.2547150 1.0431379 -0.2579293 0.0077143 -0.7036578 -0.1322293 0.6980842
