1543542684.820181 0.0000000 0.0000000 0.0000000 0.0000000 0.0000000 0.0000000 1.0000000
1543542684.898821 -0.0224083 0.0003855 0.0013321 0.0003550 -0.0028319 -0.0009124 0.9999955
1543542685.357836 -0.1511714 0.0295909 0.0586562 -0.0018693 0.0740121 0.0177250 0.9970981
1543542685.646314 -0.1774071 0.0381846 0.0862606 -0.0033885 0.1036756 0.0272021 0.9942334
1543542685.778596 -0.1850350 0.0430434 0.0893589 -0.0047188 0.1009099 0.0289685 0.9944625
1543542685.988183 -0.1747669 0.0295271 0.0717049 -0.0024669 0.0820480 0.0261923 0.9962811
1543542686.923812 0.0519459 -0.0622001 -0.1182772 0.0050074 -0.0820627 -0.0087281 0.9965764
1543542687.322718 0.1711309 -0.0572625 -0.1408504 0.0017221 -0.0491255 -0.0036064 0.9987846
1543542687.975131 0.3392170 -0.0255493 -0.1385885 -0.0034923 0.0721489 0.0196346 0.9971945
1543542688.201553 0.3806656 -0.0110562 -0.1470901 -0.0043067 0.1096064 0.0275180 0.9935848
1543542688.479832 0.4061089 0.0233856 -0.1351984 -0.0039465 0.1436784 0.0336436 0.9890445
1543542689.319661 0.4593513 0.0523570 -0.1254218 -0.0048607 0.2114557 0.0482727 0.9761827
1543542689.836960 0.3679441 0.0403116 -0.1145130 -0.0020044 0.1196399 0.0243030 0.9925178
1543542690.144468 0.3350518 0.0235914 -0.1140263 -0.0012000 0.0753875 0.0170356 0.9970081
1543542690.460598 0.3018784 0.0161795 -0.1159655 0.0005092 0.0326418 0.0080168 0.9994348
1543542691.204506 0.1920754 -0.0235956 -0.1215953 0.0018580 -0.0742145 -0.0156550 0.9971177
1543542691.546207 0.1395017 -0.0258556 -0.1158822 0.0033176 -0.1262524 -0.0263246 0.9916432
1543542691.972118 0.1148541 -0.0253483 -0.0765327 0.0023587 -0.1894738 -0.0351661 0.9812530
1543542695.675095 -0.0801271 0.0194100 -0.3690190 0.0077457 -0.5357842 -0.1111303 0.8369738
1543542700.708197 -0.1036438 -0.5225950 -0.7332480 0.0155155 -0.6440113 -0.1273796 0.7541772
1543542702.438241 -0.1421743 -0.2591344 -0.6113814 0.0155201 -0.7541590 -0.1491838 0.6393336
1543542703.007936 -0.1021330 -0.0072926 -0.5209304 0.0188362 -0.7226258 -0.1422262 0.6761870
1543542705.302348 -0.0590933 0.1005707 -0.6251437 -0.0240086 0.8916875 0.1847446 -0.4125366
1543542705.767214 -0.0652426 0.0946686 -0.6342051 -0.0218897 0.8878765 0.1852995 -0.4205475
1543542714.699108 -0.0742101 0.2323533 -0.2012094 0.0025405 -0.2126580 -0.0319227 0.9766018
1543542715.058647 0.0251355 0.2122563 -0.1677282 -0.0009179 -0.1028127 -0.0081032 0.9946673
1543542715.417870 0.1339118 0.2024158 -0.1480120 -0.0035142 -0.0193591 0.0119473 0.9997351
1543542717.396245 0.0480139 0.1876676 -0.1794697 0.0026729 -0.1874550 -0.0450935 0.9812340
1543542737.121055 -0.0989767 0.1289282 -0.1285691 -0.0071462 -0.3319553 -0.0476905 0.9420617
1543542743.026041 -0.1374000 0.1464445 -0.1490750 -0.0151466 -0.3933658 -0.0557218 0.9175669
1543542746.047575 -0.0096087 0.3209222 -0.9037088 -0.0247613 0.9142534 0.1893916 -0.3572931
1543542783.466680 0.0070353 0.2028361 -0.0669964 -0.0045604 -0.0383481 0.0016163 0.9992527
1543542783.986517 0.0016590 0.2399314 -0.0371091 -0.0035238 -0.0455051 -0.0018811 0.9989561
1543542785.298215 -0.0107197 0.2389034 -0.9270756 -0.0233260 0.9607562 0.2050789 -0.1853268
1543542785.527205 -0.0094902 0.3199364 -0.9056944 -0.0239145 0.9615123 0.1824718 -0.2040252
1543542785.689544 -0.0067775 0.3243123 -0.9015838 -0.0216418 0.9526867 0.1794193 -0.2443939
1543542788.344981 0.0776214 0.1310331 -0.0721313 0.0045734 -0.0085425 0.0057482 0.9999365
1543542788.840119 0.0531251 0.1370129 -0.0654068 0.0059019 -0.0230603 -0.0042040 0.9997078
1543542789.436372 0.0657859 0.1545086 -0.0336318 0.0026826 -0.0206533 -0.0040256 0.9997750
1543542789.924427 -0.2249868 -0.2052392 -0.3700158 0.0208314 -0.1823516 -0.0468865 0.9818939
1543542799.341844 -0.1078984 -0.3008445 -0.6726598 0.0089914 -0.5853480 -0.1048417 0.8039248
1543542799.573802 -0.0368833 -0.3631341 -0.5376062 0.0026584 -0.4093127 -0.0644098 0.9101139
1543542801.689278 -0.1655054 0.3303699 -0.1278343 0.0030990 -0.3027419 -0.0682475 0.9506209
1543542802.142256 -0.2978876 0.3371819 -0.2926556 0.0121128 -0.5224258 -0.1136815 0.8449858
1543542803.000540 0.0319569 0.3591170 -0.9006174 -0.0457596 0.9268643 0.1834755 -0.3242923
1543542803.197997 0.0300294 0.2623302 -0.9748775 -0.0376259 0.9370327 0.2058732 -0.2795895
1543542803.465795 0.0292000 0.2901900 -0.9703686 -0.0328168 0.9348989 0.1996309 -0.2916070
1543542804.416134 -0.1418913 -0.1112433 -0.8040223 0.0135510 -0.8180637 -0.1603999 0.5521412
1543542805.031765 -0.1251594 -0.3865124 -0.5662556 0.0065575 -0.5376382 -0.0986808 0.8373555
1543542806.666276 0.0988255 0.2743942 -0.0078771 0.0007262 -0.1185084 -0.0110220 0.9928916
1543542807.135864 0.0281475 0.3054814 0.0169319 0.0050065 -0.1594238 -0.0250376 0.9868800
1543542807.549138 -0.4068851 0.4123197 -0.3982632 0.0167449 -0.6280837 -0.1515886 0.7630540
1543542807.770664 -0.2597049 0.4655914 -0.9148688 -0.0270650 0.8693041 0.2164941 -0.4435178
1543542807.901941 -0.1320092 0.4471001 -0.9323119 -0.0233572 0.9248405 0.2184002 -0.3105254
1543542808.063295 -0.0859182 0.4337482 -0.9362070 -0.0209126 0.9382564 0.2108238 -0.2734791
1543542808.278981 -0.0660679 0.4883499 -0.9066418 -0.0252389 0.9411865 0.1917857 -0.2770365
1543542808.849638 -0.0783874 0.4415926 -0.9014661 -0.0208322 0.9324054 0.1916222 -0.3057241
1543542809.082858 -0.0818431 0.4260748 -0.9175382 -0.0212106 0.9275312 0.1941377 -0.3186637
1543542810.074905 0.0399701 -0.1476090 -0.1368592 -0.0102257 -0.2276057 -0.0119917 0.9736258
1543542810.846861 0.1919280 0.2572232 0.0128224 -0.0120939 0.0268851 0.0243102 0.9992697
1543542812.345207 0.1588371 0.2179559 -0.0255020 -0.0005380 -0.0524389 -0.0038930 0.9986164
1543542813.122756 0.1391169 0.2380348 -0.0098165 -0.0003209 -0.0606687 -0.0075526 0.9981293
1543542813.620327 0.0510479 0.2746258 0.0101723 0.0000919 -0.0663664 -0.0133533 0.9977059
1543542814.119363 -0.0627535 0.2632329 0.0195588 0.0018753 -0.0375886 -0.0083833 0.9992564
1543542814.607193 -0.1612936 0.2552515 -0.0557624 0.0053187 -0.1033510 -0.0208753 0.9944116
1543542815.617730 -0.6271603 0.3700874 -0.4169884 0.0151487 -0.5744806 -0.1334156 0.8074298
1543542816.143561 -0.7991908 0.4064177 -0.4852227 0.0096572 -0.6411404 -0.1375793 0.7549289
1543542816.424117 -0.8924448 0.4387311 -0.5146786 0.0092482 -0.6683226 -0.1396495 0.7305871
1543542816.639829 -1.0087495 0.4997477 -0.5174873 0.0090246 -0.7209463 -0.1506774 0.6763515
1543542816.948200 -1.1383036 0.6566704 -0.4076804 0.0028539 -0.7057070 -0.1416406 0.6941956
1543542817.177661 -1.2066302 0.8630267 -0.2896719 0.0017570 -0.6873597 -0.1340116 0.7138448
1543542817.395024 -1.2645030 1.0308479 -0.2185593 0.0045903 -0.7030932 -0.1354220 0.6980686
