1543780105.810020 0.0000000 0.0000000 0.0000000 0.0000000 0.0000000 0.0000000 1.0000000
1543780105.896871 -0.0222018 0.0019337 0.0028639 0.0011016 -0.0032339 -0.0004345 0.9999940
1543780106.259003 -0.1432976 0.0312391 0.0531144 -0.0001045 0.0630911 0.0133246 0.9979188
1543780106.361018 -0.1579300 0.0302937 0.0626905 -0.0018780 0.0752000 0.0169502 0.9970226
1543780106.991474 -0.1767036 0.0285221 0.0711038 -0.0006643 0.0777842 0.0245780 0.9966670
1543780107.679709 -0.0059874 -0.0653907 -0.0900897 0.0061519 -0.0542743 -0.0014046 0.9985061
1543780107.858049 0.0418894 -0.0652605 -0.1173121 0.0043565 -0.0876258 -0.0095748 0.9960979
1543780108.326133 0.1900112 -0.0548851 -0.1427844 0.0029161 -0.0447741 -0.0028725 0.9989887
1543780108.756779 0.3069939 -0.0381936 -0.1401083 -0.0005580 0.0291182 0.0110539 0.9995147
1543780108.970262 0.3507888 -0.0252905 -0.1395779 -0.0028384 0.0715476 0.0201118 0.9972304
1543780109.474940 0.4194882 0.0238786 -0.1367178 -0.0037344 0.1427677 0.0333951 0.9891856
1543780109.878678 0.4407933 0.0253983 -0.1382617 -0.0048772 0.1599443 0.0368038 0.9864277
1543780110.116060 0.4661735 0.0401688 -0.1384075 -0.0040068 0.1837063 0.0430023 0.9820319
1543780110.670339 0.4042121 0.0540542 -0.1219126 -0.0022486 0.1394806 0.0285866 0.9898096
1543780110.962360 0.3643222 0.0294074 -0.1163571 -0.0022864 0.1025598 0.0216585 0.9944884
1543780111.287982 0.3251854 0.0197292 -0.1175036 -0.0002386 0.0494636 0.0113231 0.9987117
1543780112.005808 0.2244764 -0.0137888 -0.1257963 0.0024291 -0.0587701 -0.0130630 0.9981831
1543780112.833187 0.1253603 -0.0295388 -0.0953822 0.0016526 -0.1686683 -0.0315731 0.9851657
1543780113.221591 0.0855749 -0.0287276 -0.0521442 0.0038002 -0.2341094 -0.0459761 0.9711151
1543780116.055475 -0.0646287 0.0116281 -0.3293634 0.0095925 -0.4898753 -0.0989104 0.8661102
1543780116.513041 -0.0684113 0.0116541 -0.3709076 0.0072903 -0.5308829 -0.1080085 0.8405024
1543780116.655343 -0.0866049 0.0110437 -0.3694511 0.0061695 -0.5374481 -0.1092712 0.8361646
1543780123.456394 -0.1510545 -0.2616562 -0.6293889 0.0159816 -0.7567116 -0.1470838 0.6367876
1543780124.033650 -0.1027781 -0.0092171 -0.5224974 0.0174547 -0.7214211 -0.1387672 0.6782261
1543780131.189865 -0.0798596 0.1499855 -0.6495926 -0.0204015 0.8708379 0.1752345 -0.4588223
1543780131.599610 -0.0895713 0.1745491 -0.6667327 -0.0208232 0.8864271 0.1793031 -0.4262204
1543780135.816054 -0.0425325 0.2284819 -0.1923466 -0.0006402 -0.1800329 -0.0248017 0.9833477
1543780136.160183 0.0707538 0.2112102 -0.1638781 -0.0020415 -0.0708272 -0.0004767 0.9974864
1543780136.511017 0.1878794 0.2088443 -0.1405035 -0.0053478 0.0207959 0.0189102 0.9995906
1543780138.368922 0.0503884 0.1924100 -0.1818262 0.0025247 -0.1878078 -0.0457350 0.9811372
1543780165.836325 0.0412741 0.1727654 -0.0254729 0.0038799 -0.1350836 -0.0292955 0.9903934
1543780168.820200 -0.4148017 0.1174445 -0.2778067 -0.0203006 -0.5327041 -0.1090220 0.8390044
1543780204.340020 -0.0011592 0.2129088 -0.0664085 -0.0051916 -0.0562787 -0.0015758 0.9984003
1543780204.926233 0.0064792 0.2407019 -0.0432520 -0.0034942 -0.0441752 -0.0006598 0.9990175
1543780206.643880 -0.0140405 0.2906409 -0.9870721 -0.0187170 0.9523182 0.1878334 -0.2397048
1543780209.368644 0.0788165 0.1372946 -0.0735781 0.0067297 -0.0077976 0.0044432 0.9999371
1543780209.917902 0.0581757 0.1410076 -0.0639758 0.0063355 -0.0254119 -0.0052001 0.9996434
1543780210.446968 0.0660912 0.1446502 -0.0293802 0.0028686 -0.0143606 -0.0053693 0.9998783
1543780218.297005 0.0578213 0.2267449 -1.0422226 -0.0177431 0.9443002 0.1935531 -0.2655549
1543780218.934138 0.0499273 0.1954688 -1.0334153 -0.0182624 0.9369903 0.1983072 -0.2870364
1543780219.767394 -0.1445864 -0.0733240 -0.9205617 0.0110244 -0.8352162 -0.1649299 0.5244908
1543780220.438992 -0.1087833 -0.3490849 -0.6055117 0.0044257 -0.5158069 -0.0850562 0.8524607
1543780223.996555 -0.0049066 0.3086555 -0.9762493 -0.0438383 0.9250059 0.1977061 -0.3214881
1543780224.678346 0.0295275 0.2832939 -1.0134062 -0.0288226 0.9336178 0.1999334 -0.2958947
1543780225.120930 -0.0348077 0.1774978 -0.9596851 -0.0243670 0.9115769 0.1822013 -0.3677453
1543780225.296283 -0.1029123 -0.0142467 -0.8587629 -0.0173543 0.8618474 0.1633722 -0.4798202
1543780225.495225 -0.1586347 -0.2326362 -0.7539613 0.0093865 -0.7768708 -0.1479255 0.6119654
1543780225.782288 -0.1690079 -0.3587663 -0.6559085 0.0052435 -0.6467681 -0.1182262 0.7534494
1543780226.325400 0.0361851 -0.4298975 -0.3867737 -0.0037059 -0.3299140 -0.0442254 0.9429672
1543780226.719618 0.3792228 -0.1301538 -0.0028933 -0.0254454 0.0265152 0.0467082 0.9982324
1543780227.430488 0.1135516 0.2685979 0.0032223 -0.0124778 -0.0963601 -0.0050809 0.9952554
1543780228.062096 0.0897424 0.2819260 0.0289124 -0.0097322 -0.1305464 -0.0137055 0.9912997
1543780228.900998 -0.1597643 0.3919057 -0.9069607 -0.0166360 0.9292443 0.2212526 -0.2954244
1543780229.084390 -0.0879125 0.4511932 -0.9768349 -0.0228433 0.9397155 0.2072199 -0.2710588
1543780229.307435 -0.0831085 0.4555714 -0.9472792 -0.0215674 0.9405761 0.1974381 -0.2754444
1543780229.554244 -0.0984024 0.4203988 -0.9389058 -0.0189727 0.9328967 0.1974436 -0.3005992
1543780229.791598 -0.0954545 0.4297337 -0.9492988 -0.0203293 0.9319495 0.1953308 -0.3047994
1543780230.029334 -0.0970597 0.4309733 -0.9506835 -0.0206929 0.9307254 0.1946500 -0.3089231
1543780231.870823 0.1942277 0.2594072 0.0108766 -0.0106638 0.0178328 0.0213000 0.9995572
1543780232.343027 0.1745799 0.2271326 -0.0140854 -0.0040405 -0.0359700 0.0059843 0.9993268
1543780234.160122 0.1365914 0.2479095 -0.0063839 -0.0012710 -0.0659420 -0.0093107 0.9977792
1543780234.651126 0.0410421 0.2793248 0.0139075 -0.0011023 -0.0638072 -0.0129014 0.9978783
1543780235.125084 -0.0714417 0.2675226 0.0198840 0.0013240 -0.0373546 -0.0090745 0.9992600
1543780235.568969 -0.1624783 0.2623881 -0.0557068 0.0050290 -0.1050358 -0.0222490 0.9942068
1543780236.597836 -0.6632203 0.3867966 -0.4273613 0.0151658 -0.5757728 -0.1317931 0.8067753
1543780236.813541 -0.7290755 0.3984012 -0.4789029 0.0120912 -0.6178710 -0.1349622 0.7745156
1543780237.087152 -0.8362004 0.4180733 -0.4940803 0.0090133 -0.6377311 -0.1349532 0.7582911
1543780237.718862 -1.1219423 0.5595340 -0.5141648 0.0080792 -0.7230273 -0.1470073 0.6749483
1543780237.981448 -1.2282047 0.7648277 -0.3852695 0.0030594 -0.6912519 -0.1346967 0.7099424
1543780238.220814 -1.2863204 0.9580193 -0.2785566 0.0041701 -0.6988565 -0.1353374 0.7023290
1543780238.413604 -1.2974161 1.0941138 -0.1972269 0.0081017 -0.7074882 -0.1398437 0.6927038
