1543786674.535246 0.0000000 0.0000000 0.0000000 0.0000000 0.0000000 0.0000000 1.0000000
1543786674.633585 -0.0124538 -0.0026534 0.0011452 -0.0001999 -0.0009183 -0.0012513 0.9999987
1543786674.719655 -0.0215834 -0.0056528 0.0045584 0.0010751 -0.0121467 -0.0031494 0.9999207
1543786675.000162 -0.0642985 -0.0124375 0.0124663 0.0012339 -0.0605632 -0.0123943 0.9980866
1543786675.475829 -0.0888735 -0.0131568 0.0511177 -0.0001897 -0.1273355 -0.0221890 0.9916115
1543786675.709106 -0.1103254 -0.0156972 0.0756322 0.0008042 -0.1635492 -0.0310099 0.9860474
1543786675.851863 -0.1422649 -0.0168470 0.0872954 0.0022982 -0.1904520 -0.0389586 0.9809205
1543786676.003204 -0.2006634 -0.0248478 0.1066696 0.0033859 -0.2060895 -0.0461663 0.9774376
1543786678.553101 -0.2886470 0.0178878 -0.1477049 0.0079993 -0.4257659 -0.0868962 0.9006156
1543786679.046646 -0.2966382 0.0165768 -0.1881320 0.0052436 -0.4766468 -0.0980501 0.8735940
1543786684.922824 -0.3772802 -0.4918707 -0.5643839 0.0085313 -0.7068458 -0.1437780 0.6925490
1543786687.957212 -0.3553342 0.0691730 -0.3627533 0.0180891 -0.7840360 -0.1585233 0.5998589
1543786692.071136 -0.3198127 0.1007994 -0.4286481 -0.0161825 0.8589216 0.1698468 -0.4828498
1543786694.206557 -0.3499836 0.1560711 -0.4460110 -0.0172418 0.8624226 0.1724303 -0.4756025
1543786698.409815 -0.2360469 0.2142859 -0.0273893 -0.0026895 -0.0970408 -0.0071388 0.9952512
1543786698.980522 -0.0647611 0.2031698 -0.0137972 -0.0064860 0.0628046 0.0268182 0.9976444
1543786699.251404 0.0167469 0.1945662 -0.0190185 -0.0060582 0.1351581 0.0382364 0.9900675
1543786699.433470 0.0501165 0.1894027 -0.0296982 -0.0046297 0.1533530 0.0413803 0.9872938
1543786700.864153 -0.1585088 0.1849641 -0.0340822 -0.0012926 -0.1094116 -0.0284138 0.9935895
1543786701.209784 -0.2678305 0.1933925 -0.0417157 0.0003616 -0.2824658 -0.0630817 0.9572009
1543786703.389048 -0.2276701 0.2085435 0.1913646 0.0037703 -0.0881971 -0.0064196 0.9960752
1543786705.348808 -0.2667315 0.2031474 0.2078932 0.0006060 -0.1252469 -0.0229848 0.9918591
1543786715.376573 -0.1430966 0.1989618 0.1342998 0.0024843 -0.0667937 -0.0098923 0.9977147
1543786721.805429 -0.1016613 0.1452885 0.0907422 0.0012995 -0.0207557 -0.0014915 0.9997826
1543786756.343168 -0.4849658 -0.3399706 -0.6218078 0.0081094 -0.6871282 -0.1449283 0.7118883
1543786767.081424 -0.1978180 0.1920702 0.0655363 -0.0064794 0.0148626 0.0112897 0.9998048
1543786767.510453 -0.2028286 0.2361018 0.1078109 -0.0067675 0.0149969 0.0092597 0.9998218
1543786769.320405 -0.3582155 0.2236771 -0.7441543 -0.0109101 0.9209972 0.1898130 -0.3400237
1543786772.158932 -0.1483453 0.1393548 0.0643980 0.0056533 0.0493168 0.0095497 0.9987215
1543786773.006915 -0.1405687 0.1293811 0.1059560 0.0040274 0.0543663 0.0052455 0.9984992
1543786773.369614 -0.3467620 -0.1702572 -0.1113313 0.0143940 -0.0770531 -0.0206798 0.9967086
1543786780.253783 -0.2601192 0.0638501 -0.7885638 -0.0260831 0.9375039 0.2149796 -0.2723781
1543786780.431581 -0.2837686 0.2049775 -0.6807966 -0.0292504 0.9518600 0.1871698 -0.2409865
1543786780.850579 -0.3060539 0.1400431 -0.7752181 -0.0091570 0.9280311 0.2025721 -0.3124722
1543786781.046472 -0.3019589 0.1455286 -0.7610891 -0.0094671 0.9225507 0.1955505 -0.3325215
1543786781.524976 -0.2995889 0.1359906 -0.7601502 -0.0115897 0.9222588 0.2006534 -0.3302160
1543786782.711663 -0.3964686 -0.2916273 -0.5333040 0.0056154 -0.6160724 -0.1126355 0.7795746
1543786783.371848 -0.0921922 -0.2650743 -0.2337196 0.0126231 -0.0609479 0.0047671 0.9980497
1543786784.799637 -0.2077731 0.3182203 0.0864087 -0.0042095 -0.0809091 -0.0170654 0.9965665
1543786785.536594 -0.4787292 0.3158990 -0.0476601 0.0069667 -0.4228466 -0.0910771 0.9015859
1543786785.875879 -0.5602831 0.3256380 -0.2056736 0.0161902 -0.5836505 -0.1271667 0.8018221
1543786786.176009 -0.5221190 0.3186195 -0.4597349 0.0264371 -0.7532405 -0.1630929 0.6366557
1543786786.439378 -0.3370643 0.3475862 -0.7143385 -0.0381098 0.8805754 0.1761695 -0.4382908
1543786786.666141 -0.2970445 0.1990497 -0.7841073 -0.0327624 0.9144281 0.2070207 -0.3462518
1543786786.961593 -0.2909671 0.2481795 -0.7785264 -0.0285407 0.9151353 0.1963334 -0.3509502
1543786787.278173 -0.2856785 0.2490822 -0.7839843 -0.0232373 0.9130402 0.1952480 -0.3573455
1543786787.580250 -0.3105703 0.2177300 -0.7559998 -0.0240520 0.9029421 0.1833687 -0.3879344
1543786788.166786 -0.4283314 -0.3030679 -0.4686749 0.0020011 -0.6667568 -0.1247764 0.7347532
1543786788.511527 -0.3685552 -0.3722427 -0.3601882 0.0026454 -0.4854113 -0.0854130 0.8700997
1543786788.844632 -0.1810057 -0.3844987 -0.1983963 -0.0046579 -0.2727101 -0.0339048 0.9614874
1543786789.187141 0.1271548 -0.1373134 0.0762602 -0.0076706 0.0473354 0.0447506 0.9978466
1543786789.823171 -0.0914882 0.2841631 0.1307723 -0.0060474 -0.0245406 0.0062452 0.9996610
1543786790.592704 -0.1392426 0.2894203 0.1522601 -0.0025673 -0.0768349 -0.0071566 0.9970148
1543786790.991264 -0.5709003 0.3478734 -0.0496641 0.0074605 -0.4899105 -0.1174246 0.8637960
1543786791.252869 -0.5322477 0.3868110 -0.6234129 0.0160567 -0.8136030 -0.2005118 0.5455158
1543786791.468989 -0.4381793 0.3382060 -0.7624947 -0.0119000 0.9086940 0.2256075 -0.3510481
1543786791.745180 -0.3795234 0.4321901 -0.7275555 -0.0196757 0.9220194 0.1902452 -0.3366005
1543786792.061019 -0.4058428 0.3500243 -0.7169347 -0.0126436 0.9111070 0.1993586 -0.3605278
1543786792.394221 -0.3938758 0.3855785 -0.7213718 -0.0168513 0.9106936 0.1909155 -0.3659296
1543786794.290084 -0.0063599 0.2589430 0.1275365 -0.0151442 0.1029075 0.0422174 0.9936792
1543786794.887016 -0.0390638 0.2184068 0.1036776 -0.0062354 0.0257465 0.0186988 0.9994742
1543786796.677871 -0.0729348 0.2397722 0.1163717 -0.0030525 -0.0023324 0.0032567 0.9999873
1543786797.142368 -0.1533570 0.2671950 0.1429590 -0.0033750 -0.0017957 -0.0009404 0.9999923
1543786797.618534 -0.2510500 0.2525140 0.1617868 -0.0024565 0.0253585 0.0035014 0.9996693
1543786798.052145 -0.3446593 0.2448926 0.1130972 0.0021290 -0.0267207 -0.0053000 0.9996266
1543786799.776826 -1.0659546 0.3830496 -0.2326663 0.0073849 -0.6109602 -0.1264687 0.7814595
1543786800.093165 -1.2070222 0.4464360 -0.2308902 0.0071288 -0.6726826 -0.1376471 0.7269804
1543786800.399558 -1.3238583 0.5810995 -0.1273528 0.0016575 -0.6699919 -0.1311652 0.7306872
1543786800.649697 -1.3880935 0.7887025 0.0005762 0.0027095 -0.6372999 -0.1194496 0.7612972
1543786800.865290 -1.4396967 0.9426621 0.0740509 0.0056669 -0.6568206 -0.1243858 0.7436953
