1543781100.943296 0.0000000 0.0000000 0.0000000 0.0000000 0.0000000 0.0000000 1.0000000
1543781101.112749 -0.0071866 -0.0017551 0.0079057 -0.0009996 -0.0069525 -0.0022543 0.9999728
1543781101.198944 -0.0100926 -0.0012381 0.0045876 0.0008332 -0.0247913 -0.0061109 0.9996736
1543781101.505165 -0.0099547 0.0043427 -0.0052405 0.0116006 -0.1211692 -0.0243133 0.9922662
1543781101.733876 -0.0182102 0.0010950 -0.0085131 0.0130917 -0.1857884 -0.0354577 0.9818625
1543781102.315725 -0.0617670 0.0062754 -0.0191929 0.0121824 -0.1520899 -0.0375536 0.9875779
1543781102.486153 -0.0534307 0.0096703 -0.0181085 0.0137755 -0.1376861 -0.0325925 0.9898437
1543781102.842663 -0.0370776 0.0089450 -0.0097805 0.0092809 -0.0659913 -0.0164709 0.9976411
1543781104.106585 -0.0180843 -0.0125524 0.0310386 0.0200061 0.0069417 0.0000173 0.9997758
1543781104.926282 -0.1325410 -0.0049360 0.0671154 0.0086684 0.0671074 0.0111560 0.9976457
1543781105.300951 -0.1533032 -0.0040474 0.0840929 0.0020806 0.1136010 0.0260577 0.9931825
1543781105.683659 -0.1529614 -0.0062123 0.0790240 0.0049528 0.0926617 0.0255778 0.9953567
1543781106.867426 -0.0124608 -0.0294608 -0.0191200 0.0251200 -0.0588246 -0.0098102 0.9979040
1543781107.622458 0.0721184 -0.0147366 -0.0175962 0.0210552 0.0669304 0.0162903 0.9974024
1543781107.930919 0.0986446 -0.0030240 -0.0207448 0.0209685 0.1265331 0.0295107 0.9913016
1543781108.267600 0.1067037 0.0099991 -0.0141267 0.0195216 0.1581327 0.0342175 0.9866317
1543781108.562028 0.1140502 0.0099799 -0.0152971 0.0195979 0.1711918 0.0375811 0.9843256
1543781109.137572 0.1195445 0.0259060 -0.0066840 0.0205478 0.2036729 0.0432247 0.9778685
1543781109.457541 0.0936009 0.0181733 -0.0062815 0.0205519 0.1379879 0.0262746 0.9898720
1543781110.190246 0.0621961 0.0039884 -0.0073917 0.0229004 0.0380348 0.0060030 0.9989960
1543781111.001248 0.0072146 -0.0151933 -0.0109074 0.0231739 -0.0805046 -0.0225741 0.9962291
1543781111.473006 -0.0165492 -0.0156315 -0.0021797 0.0231119 -0.1512065 -0.0364078 0.9875611
1543781111.961096 -0.0345154 -0.0168635 0.0212936 0.0234533 -0.2247294 -0.0522120 0.9727387
1543781114.802933 -0.0954878 0.0008473 -0.1025559 0.0219730 -0.4900295 -0.1100101 0.8644571
1543781115.432246 -0.1078681 0.0022428 -0.1159344 0.0183790 -0.5329298 -0.1199571 0.8374116
1543781121.604414 -0.1348800 -0.1987883 -0.2874828 0.0206388 -0.7206452 -0.1581412 0.6747117
1543781122.621045 -0.1130515 -0.0324729 -0.1956568 0.0256779 -0.7327991 -0.1570321 0.6615792
1543781125.426511 -0.0902041 0.0531136 -0.2358433 -0.0262358 0.8857689 0.1906453 -0.4223499
1543781130.202678 -0.1002931 0.0824428 -0.2461912 -0.0258166 0.8792821 0.1917246 -0.4352451
1543781134.330260 -0.1088297 0.0996443 -0.0448593 0.0168354 -0.2173710 -0.0403807 0.9751081
1543781134.731391 -0.0639524 0.0898362 -0.0296448 0.0143464 -0.1066013 -0.0142113 0.9940968
1543781135.089825 -0.0118562 0.0851140 -0.0197587 0.0136577 -0.0105553 0.0086250 0.9998138
1543781135.430412 0.0352404 0.0822655 -0.0147721 0.0139222 0.0746597 0.0255754 0.9967839
1543781135.788659 0.0638147 0.0779298 -0.0199570 0.0172553 0.1163011 0.0315364 0.9925632
1543781136.541393 0.0345859 0.0788015 -0.0208005 0.0188364 0.0585230 0.0084776 0.9980723
1543781141.481921 -0.0992468 0.0851745 0.0813672 0.0189233 -0.1627054 -0.0368382 0.9858052
1543781158.933050 -0.0355810 0.0611601 0.0333147 0.0203937 -0.0952579 -0.0236928 0.9949617
1543781185.075877 -0.0853995 0.0669890 0.0246323 0.0020482 -0.1375892 -0.0016307 0.9904859
1543781185.670704 -0.0664980 0.0658455 0.0429907 0.0123025 -0.0611172 -0.0013180 0.9980539
1543781192.700652 -0.1547820 -0.1270916 -0.3725706 0.0194382 -0.7768568 -0.1747743 0.6046235
1543781207.379030 -0.2068218 0.0889267 -0.0897702 -0.0080202 -0.5230973 -0.1044918 0.8458051
1543781207.545919 -0.1579533 0.0701303 -0.0111372 -0.0049067 -0.2851707 -0.0521486 0.9570445
1543781213.990663 -0.0087428 0.0924852 0.0359101 0.0197061 0.0747842 0.0169537 0.9968609
1543781214.520751 -0.0275776 0.0791935 0.0249124 0.0210469 -0.0034530 -0.0011478 0.9997719
1543781216.514668 -0.0532878 0.0325873 -0.4300653 -0.0166317 0.9500774 0.2454565 -0.1919046
1543781216.651103 -0.0521702 0.0646719 -0.4246871 -0.0150721 0.9489499 0.2354145 -0.2093967
1543781216.780017 -0.0548772 0.0745910 -0.4297870 -0.0139607 0.9442980 0.2324007 -0.2325864
1543781217.576912 -0.0394174 0.0949745 -0.4207033 -0.0212217 0.9313146 0.2136713 -0.2941892
1543781219.013663 -0.1178509 -0.1481844 -0.2548914 0.0181047 -0.6087959 -0.1183051 0.7842472
1543781220.610229 -0.0103829 0.1081506 0.0149595 0.0150216 -0.0562821 -0.0077649 0.9982717
1543781221.570868 -0.1735010 0.1436620 -0.0277632 0.0180799 -0.3847974 -0.0931829 0.9181073
1543781221.995517 -0.2166892 0.1509912 -0.1100841 0.0255691 -0.5980102 -0.1407058 0.7886266
1543781222.598873 -0.1017277 0.1738940 -0.3583848 -0.0442168 0.8903071 0.2012616 -0.4060688
1543781222.962981 -0.0552491 0.1207327 -0.4176129 -0.0383534 0.9305947 0.2258506 -0.2855063
1543781223.251076 -0.0522983 0.1308607 -0.4064111 -0.0354773 0.9293953 0.2186311 -0.2952393
1543781223.733981 -0.0574655 0.1239816 -0.4150280 -0.0291564 0.9214711 0.2091169 -0.3260538
1543781224.007191 -0.0307765 0.1232770 -0.4127421 0.0060919 -0.8324690 -0.1048441 0.5440276
1543781227.595167 -0.1254586 0.2240407 -0.3657028 -0.0279298 0.9241704 0.2221369 -0.3094903
1543781227.795141 -0.1005574 0.2105212 -0.3834747 -0.0271547 0.9350858 0.2230866 -0.2740611
1543781228.039994 -0.1001375 0.1968358 -0.3717529 -0.0233740 0.9348903 0.2186483 -0.2786155
1543781228.513990 -0.1023266 0.2033431 -0.3743796 -0.0245071 0.9270930 0.2095481 -0.3098188
1543781228.786753 -0.1060224 0.2075164 -0.3810771 -0.0258874 0.9232571 0.2070052 -0.3226066
1543781230.535588 0.0159283 0.1067640 0.0530038 0.0050948 0.0351632 0.0235418 0.9990913
1543781231.782953 0.0006591 0.0910742 0.0376002 0.0161631 -0.0391055 -0.0055526 0.9990889
1543781232.502154 -0.0003032 0.0934733 0.0381666 0.0159739 -0.0421179 -0.0078496 0.9989541
1543781233.073054 -0.0232173 0.1074365 0.0519963 0.0154531 -0.0521857 -0.0122142 0.9984431
1543781233.631158 -0.0705666 0.1105680 0.0622257 0.0152538 -0.0317617 -0.0102189 0.9993268
1543781234.183220 -0.1328442 0.1053284 0.0342288 0.0223957 -0.0502062 -0.0128022 0.9984057
1543781235.921690 -0.4625551 0.1872008 -0.1748208 0.0194672 -0.6503968 -0.1500672 0.7443687
1543781236.167304 -0.5060493 0.2084262 -0.1797121 0.0181970 -0.6776676 -0.1528669 0.7190739
1543781236.650265 -0.6032584 0.3015003 -0.1272818 0.0118156 -0.7005765 -0.1550492 0.6964285
1543781236.870885 -0.6354730 0.4032237 -0.0700350 0.0131200 -0.6813551 -0.1467893 0.7169630
1543781237.092036 -0.6618701 0.4753855 -0.0284410 0.0149861 -0.6978598 -0.1502916 0.7001282
