1543784213.323473 0.0000000 0.0000000 0.0000000 0.0000000 0.0000000 0.0000000 1.0000000
1543784213.428604 -0.0126586 -0.0029366 0.0030943 0.0011273 -0.0094071 -0.0022465 0.9999526
1543784213.514945 -0.0212062 -0.0045251 0.0046256 0.0017852 -0.0195460 -0.0042221 0.9997985
1543784213.683648 -0.0480259 -0.0076666 0.0107267 0.0021558 -0.0534604 -0.0106104 0.9985113
1543784214.096603 -0.0722490 -0.0109262 0.0349775 0.0000226 -0.1075213 -0.0178754 0.9940420
1543784214.238824 -0.0767724 -0.0115646 0.0484418 -0.0004952 -0.1281517 -0.0223732 0.9915020
1543784214.425289 -0.0923691 -0.0113221 0.0697777 0.0016049 -0.1613540 -0.0288400 0.9864738
1543784214.561816 -0.1233731 -0.0142237 0.0786851 0.0020202 -0.1871176 -0.0372252 0.9816298
1543784214.729904 -0.1764323 -0.0226496 0.0956073 0.0025805 -0.2027349 -0.0445001 0.9782186
1543784214.898127 -0.2525992 -0.0249114 0.1167367 0.0017730 -0.2251091 -0.0520913 0.9729385
1543784217.415906 -0.2587033 0.0153586 -0.1569296 0.0054511 -0.4459155 -0.0907589 0.8904451
1543784217.740591 -0.2640651 0.0130617 -0.1779813 0.0042840 -0.4703998 -0.0957122 0.8772370
1543784223.665916 -0.3403789 -0.4104109 -0.5149271 0.0119666 -0.7052023 -0.1401354 0.6949162
1543784223.908255 -0.3531724 -0.3994553 -0.4793124 0.0099204 -0.6917618 -0.1373805 0.7088680
1543784232.629257 -0.3115629 0.1513250 -0.4190139 -0.0222696 0.8529696 0.1739475 -0.4916188
1543784232.994444 -0.3295857 0.1745242 -0.4181485 -0.0208411 0.8590630 0.1704413 -0.4822098
1543784236.830786 -0.2643772 0.2103765 -0.0371523 0.0017463 -0.1595222 -0.0217912 0.9869522
1543784237.182014 -0.1905929 0.1951316 -0.0211002 -0.0026043 -0.0712512 -0.0008186 0.9974546
1543784237.546308 -0.0899822 0.1847941 -0.0168791 -0.0043172 0.0321975 0.0221080 0.9992276
1543784237.894361 0.0070378 0.1859264 -0.0131310 -0.0062956 0.1186129 0.0387734 0.9921633
1543784238.210051 0.0661043 0.1740106 -0.0306283 -0.0051485 0.1594445 0.0436659 0.9862273
1543784239.343233 -0.0677530 0.1747779 -0.0240659 -0.0003612 -0.0140134 -0.0069484 0.9998776
1543784242.111536 -0.1999797 0.1942341 0.1760725 0.0057392 -0.0849772 -0.0059446 0.9963486
1543784255.617262 -0.3763416 0.1746316 -0.0499003 0.0101510 -0.3682154 -0.0821707 0.9260466
1543784262.076277 -0.3892685 0.1460331 -0.0750254 0.0079663 -0.3719214 -0.0876299 0.9240844
1543784279.580380 0.1012324 0.1449389 0.0930693 0.0135949 0.1230997 0.0812688 0.9889677
1543784291.602092 -0.3727316 -0.3943127 -0.3156227 -0.0022140 -0.5339208 -0.0941110 0.8402779
1543784297.927990 -0.2381359 0.1508776 0.1343214 -0.0156197 -0.1191500 0.0043237 0.9927440
1543784298.425893 -0.0951336 0.2064553 0.1270632 -0.0142515 0.0117170 0.0181765 0.9996645
1543784317.064526 -0.0910786 0.1769956 0.0733042 0.0014044 0.0533991 0.0157512 0.9984480
1543784317.544078 -0.2716826 0.0009057 -0.0071832 0.0027768 -0.1427237 -0.0325330 0.9892238
1543784318.881819 -0.2561214 0.0281432 -0.7770488 -0.0263332 0.9104337 0.2094114 -0.3557582
1543784319.040977 -0.3043131 0.2326406 -0.6401246 -0.0487407 0.9551238 0.1765007 -0.2328311
1543784319.335293 -0.3217974 0.2306617 -0.6455632 -0.0278549 0.9449574 0.1818074 -0.2706024
1543784320.404481 -0.2830333 0.2137467 -0.6187407 -0.0243805 0.9299832 0.1802319 -0.3194577
1543784320.741111 -0.2621007 0.1956344 -0.6415324 -0.0226038 0.8874273 0.1511870 -0.4348614
1543784321.494079 -0.3538516 -0.2570164 -0.4595146 0.0072690 -0.5741892 -0.1019341 0.8123198
1543784323.026228 -0.0418062 0.2067254 0.0407893 -0.0044985 0.0241388 0.0167238 0.9995586
1543784323.469943 -0.1701103 0.2949649 0.0778630 0.0004716 -0.0650568 -0.0132130 0.9977940
1543784325.219500 -0.2713067 0.2866866 -0.6888704 -0.0446617 0.8993119 0.1886344 -0.3919955
1543784325.416639 -0.2618327 0.2381422 -0.7149567 -0.0388447 0.9161825 0.1992740 -0.3455296
1543784326.159871 -0.2605183 0.2707302 -0.7144569 -0.0272119 0.9106912 0.1877007 -0.3669734
1543784326.430247 -0.2535788 0.2313259 -0.5078527 -0.0299054 0.8747131 0.1245693 -0.4674027
1543784326.721061 -0.3884708 -0.1558003 -0.5092435 0.0094640 -0.7483917 -0.1418092 0.6478506
1543784326.989514 -0.3828271 -0.2838337 -0.4039416 0.0034813 -0.6085523 -0.1107201 0.7857436
1543784329.554557 -0.3581038 0.2867064 0.0651371 0.0017469 -0.2910193 -0.0667254 0.9543859
1543784329.967660 -0.5478150 0.4572962 -0.5213726 0.0146310 -0.8186479 -0.1715081 0.5478928
1543784330.119132 -0.4038600 0.4151823 -0.6861314 -0.0252426 0.9001775 0.2074235 -0.3821241
1543784330.360126 -0.3495585 0.4062163 -0.6741614 -0.0247089 0.9193758 0.1970686 -0.3395609
1543784330.528221 -0.3493240 0.3959311 -0.6492608 -0.0232729 0.9192748 0.1910349 -0.3433625
1543784330.812227 -0.3558539 0.3923340 -0.6531148 -0.0223420 0.9091589 0.1853215 -0.3722726
1543784331.142512 -0.3517148 0.3993435 -0.6511472 -0.0233932 0.9099351 0.1820443 -0.3719285
1543784333.817056 -0.0264269 0.1980714 0.0905624 -0.0041316 0.0180766 0.0164698 0.9996924
1543784334.316018 -0.0343775 0.2022099 0.0905293 -0.0030467 0.0163917 0.0120210 0.9997888
1543784335.654906 -0.0850187 0.2367233 0.1241258 -0.0028580 0.0038058 0.0049164 0.9999766
1543784336.143269 -0.1682494 0.2391224 0.1526976 -0.0025703 0.0258882 0.0073616 0.9996344
1543784336.636971 -0.2729255 0.2157833 0.1224282 0.0038198 0.0181170 0.0054005 0.9998140
1543784337.209930 -0.3702614 0.2132687 0.0539347 0.0044336 -0.0839899 -0.0185818 0.9962835
1543784338.593949 -0.9943114 0.3595773 -0.2195379 0.0084396 -0.6155847 -0.1264310 0.7778171
1543784338.863670 -1.1074477 0.4099353 -0.2004769 0.0066635 -0.6742760 -0.1372429 0.7255839
1543784339.155427 -1.2091746 0.5374437 -0.1041660 0.0004898 -0.6563533 -0.1300514 0.7431599
1543784339.400129 -1.2625372 0.7016926 0.0041582 -0.0013001 -0.6363565 -0.1234700 0.7614486
1543784339.620281 -1.3051975 0.8282533 0.0764789 -0.0003216 -0.6536856 -0.1269835 0.7460364
