1543780799.027128 0.0000000 0.0000000 0.0000000 0.0000000 0.0000000 0.0000000 1.0000000
1543780799.063716 -0.0225007 0.0005217 0.0008799 0.0002274 -0.0069515 -0.0016716 0.9999744
1543780799.193226 -0.0587633 0.0026439 0.0036535 0.0003790 -0.0057110 -0.0012936 0.9999828
1543780799.487382 -0.1533089 0.0289087 0.0494252 -0.0011542 0.0586343 0.0127905 0.9981969
1543780799.595242 -0.1690178 0.0276482 0.0578795 -0.0031554 0.0712262 0.0162528 0.9973227
1543780800.195991 -0.1909379 0.0270981 0.0715606 -0.0040664 0.0782777 0.0245247 0.9966216
1543780801.208289 0.0793992 -0.0667092 -0.1279495 0.0042854 -0.0753610 -0.0069872 0.9971226
1543780801.397071 0.1237496 -0.0635358 -0.1383754 0.0027605 -0.0717254 -0.0075502 0.9973920
1543780802.068013 0.3027857 -0.0370253 -0.1353152 -0.0025529 0.0376137 0.0116937 0.9992207
1543780802.323079 0.3612469 -0.0167652 -0.1426760 -0.0032052 0.0906146 0.0230067 0.9956151
1543780802.523004 0.3941837 0.0021371 -0.1427029 -0.0031494 0.1239724 0.0299127 0.9918297
1543780802.781624 0.4033347 0.0248804 -0.1308478 -0.0040919 0.1407032 0.0311022 0.9895547
1543780803.155445 0.4249315 0.0268594 -0.1345550 -0.0039946 0.1591478 0.0356828 0.9866016
1543780803.753192 0.4094039 0.0587701 -0.1190797 -0.0030314 0.1559127 0.0321235 0.9872437
1543780804.432082 0.3190568 0.0219479 -0.1110447 -0.0007910 0.0616931 0.0123311 0.9980187
1543780805.940566 0.1181214 -0.0297587 -0.1090259 0.0018997 -0.1581256 -0.0308922 0.9869338
1543780809.542948 -0.0698654 0.0092089 -0.3639058 0.0063038 -0.5141668 -0.1058242 0.8511134
1543780809.777454 -0.0757657 0.0063231 -0.3796188 0.0059660 -0.5331619 -0.1097776 0.8388395
1543780809.904280 -0.0914073 0.0091376 -0.3810930 0.0052086 -0.5393780 -0.1106305 0.8347485
1543780821.684058 -0.0713279 0.0907884 -0.6559803 -0.0176394 0.8816023 0.1764338 -0.4374213
1543780824.469069 -0.0883798 0.1403565 -0.6669080 -0.0184583 0.8734947 0.1766405 -0.4532818
1543780828.155906 -0.2118875 0.2818360 -0.2923058 0.0077998 -0.4534566 -0.0797759 0.8876666
1543780828.495673 -0.1492949 0.2447661 -0.2400767 0.0038526 -0.3338709 -0.0563852 0.9409230
1543780828.912100 -0.0826422 0.2327241 -0.2037215 0.0014544 -0.2181846 -0.0336649 0.9753256
1543780829.340782 0.0387864 0.2067854 -0.1668057 -0.0033494 -0.0907310 -0.0046069 0.9958591
1543780829.772682 0.1870729 0.2028165 -0.1364811 -0.0066293 0.0264222 0.0202547 0.9994237
1543780830.168879 0.2860982 0.1837132 -0.1459383 -0.0047821 0.0866346 0.0294873 0.9957922
1543780831.022831 0.2550615 0.1900644 -0.1441584 0.0008177 0.0817689 0.0172841 0.9965011
1543780831.450863 0.0976552 0.1870723 -0.1683927 0.0006789 -0.1268914 -0.0313869 0.9914197
1543780832.511814 -0.0967973 0.1600139 -0.0333067 -0.0044604 -0.2288603 -0.0430240 0.9724978
1543780842.848670 -0.1511270 0.3406388 -0.8525743 -0.0177282 0.8957760 0.1802763 -0.4059207
1543780883.589627 -0.1859857 -0.4677878 -0.5864936 -0.0012877 -0.5891506 -0.1082918 0.8007327
1543780886.620271 -0.3661807 -0.1860949 -0.4770166 0.0082150 -0.4949412 -0.1157682 0.8611408
1543780886.899659 -0.2789899 -0.3259155 -0.7770471 0.0129533 -0.6708794 -0.1457961 0.7269776
1543780887.242544 -0.2099200 -0.2533590 -0.9518700 0.0096926 -0.7924879 -0.1646454 0.5871635
1543780890.804031 0.0709117 0.2266057 0.0187224 -0.0094053 -0.0706564 -0.0097339 0.9974089
1543780897.935999 -0.0027068 0.2018323 -0.0764185 -0.0049140 -0.0587506 -0.0031196 0.9982557
1543780911.263426 0.0063578 0.2312665 -0.9622766 -0.0212855 0.9587753 0.1883010 -0.2117534
1543780911.429030 0.0053864 0.1992844 -0.9739052 -0.0139183 0.9523059 0.1957574 -0.2336641
1543780912.262630 0.0097555 0.2071713 -0.9580648 -0.0174419 0.9448633 0.1884091 -0.2672660
1543780912.438507 0.0087925 0.1973296 -0.9643103 -0.0157910 0.9437476 0.1926141 -0.2683113
1543780912.599568 0.0001287 0.2055935 -0.9900043 -0.0152122 0.9337623 0.1869356 -0.3048142
1543780912.801584 -0.0567811 0.1007341 -0.9529934 -0.0119813 0.8999684 0.1687211 -0.4018039
1543780913.607610 -0.1205228 -0.3460371 -0.6769176 0.0026737 -0.5620970 -0.0991681 0.8211002
1543780913.915774 0.0205997 -0.3902383 -0.4833712 -0.0045617 -0.3195966 -0.0420040 0.9466112
1543780915.351472 0.0614425 0.2978356 -0.0611696 -0.0007540 -0.1042721 -0.0174345 0.9943957
1543780917.353745 0.0097936 0.2516944 -0.9997903 -0.0364270 0.9339257 0.1979373 -0.2954263
1543780917.880706 0.0274568 0.3020340 -0.9946170 -0.0274678 0.9359491 0.1880008 -0.2964801
1543780918.161073 0.0220918 0.3020950 -0.9945369 -0.0237341 0.9355792 0.1871156 -0.2985232
1543780918.475848 -0.0973429 0.0511797 -0.9542010 -0.0178657 0.8840740 0.1759570 -0.4325888
1543780919.070105 -0.1679430 -0.3749656 -0.6402985 0.0017086 -0.6153620 -0.1133967 0.7800435
1543780919.577997 0.0614434 -0.4127403 -0.2873662 -0.0056476 -0.3082547 -0.0402377 0.9504357
1543780920.833912 0.0908410 0.2745568 -0.0067836 -0.0011693 -0.1202638 -0.0113473 0.9926764
1543780921.350076 0.0514518 0.2979575 0.0174627 0.0011408 -0.1738083 -0.0354771 0.9841396
1543780922.890148 -0.0985605 0.4321456 -0.9411119 -0.0175092 0.9338060 0.1871042 -0.3044533
1543780923.162436 -0.0911837 0.4323073 -0.9416709 -0.0171720 0.9345061 0.1862226 -0.3028609
1543780925.116311 0.1770266 0.2481655 0.0056698 -0.0106506 0.0057353 0.0194553 0.9997376
1543780926.243689 0.1544443 0.2203808 -0.0185834 -0.0023330 -0.0503760 -0.0030745 0.9987229
1543780926.898928 0.1545891 0.2223221 -0.0208488 -0.0016019 -0.0550178 -0.0051297 0.9984709
1543780927.481489 0.1181410 0.2474386 -0.0011637 -0.0020416 -0.0717468 -0.0107935 0.9973624
1543780928.083127 0.0062935 0.2682263 0.0253697 -0.0018136 -0.0462872 -0.0072460 0.9989002
1543780928.623566 -0.1250061 0.2394845 -0.0214331 0.0028598 -0.0508723 -0.0092258 0.9986585
1543780929.140431 -0.1939120 0.2450504 -0.0980419 0.0064206 -0.1277255 -0.0258375 0.9914522
1543780930.213688 -0.7726075 0.4020295 -0.4934311 0.0085501 -0.6252639 -0.1324630 0.7690420
1543780930.786751 -0.9997998 0.4892188 -0.5701385 0.0092929 -0.7098170 -0.1463501 0.6889521
1543780931.056246 -1.1320844 0.5945885 -0.5037903 0.0055940 -0.7237501 -0.1453792 0.6745512
1543780931.336450 -1.2280762 0.8325397 -0.3548925 0.0032798 -0.6851116 -0.1309993 0.7165546
1543780931.568202 -1.2816144 1.0137515 -0.2754026 0.0054706 -0.7051635 -0.1317539 0.6966745
1543780931.750277 -1.3256137 1.1263554 -0.2664688 0.0128184 -0.7025143 -0.1347417 0.6986802
