1543463737.213015 0.0000000 0.0000000 0.0000000 0.0000000 0.0000000 0.0000000 1.0000000
1543463737.241125 -0.0116590 0.0019700 0.0046696 -0.0011341 0.0100124 0.0020312 0.9999472
1543463737.330538 -0.0277025 0.0036723 0.0121283 -0.0026995 0.0188630 0.0047338 0.9998072
1543463738.871439 0.1816138 -0.1084449 -0.1564980 0.0021837 -0.1345528 -0.0184314 0.9907326
1543463739.303049 0.3354072 -0.1063424 -0.1770283 -0.0007737 -0.1001205 -0.0138388 0.9948788
1543463739.976069 0.5268888 -0.0745162 -0.1553015 -0.0046548 0.0186456 0.0086058 0.9997783
1543463740.229084 0.5876954 -0.0572409 -0.1580413 -0.0064100 0.0630699 0.0180694 0.9978249
1543463740.471785 0.6143285 -0.0222573 -0.1442904 -0.0060021 0.0981760 0.0246011 0.9948468
1543463740.939084 0.6359207 -0.0163346 -0.1428526 -0.0066310 0.1159301 0.0268213 0.9928730
1543463742.138917 0.5363579 -0.0132636 -0.1276057 -0.0020872 0.0342807 0.0079179 0.9993787
1543463742.623520 0.4756467 -0.0312520 -0.1359348 -0.0013080 -0.0305858 -0.0055581 0.9995158
1543463742.998573 0.4023577 -0.0577888 -0.1528926 -0.0005523 -0.0993041 -0.0209379 0.9948367
1543463743.385333 0.3455999 -0.0732693 -0.1541717 -0.0003766 -0.1405922 -0.0284852 0.9896576
1543463743.876591 0.2849594 -0.0731534 -0.1325589 -0.0011272 -0.2130467 -0.0403706 0.9762070
1543463744.322023 0.2267115 -0.0692380 -0.0837522 0.0018501 -0.2856620 -0.0565617 0.9566581
1543463747.424054 0.1110877 -0.0305412 -0.4586624 0.0031505 -0.5535384 -0.1122990 0.8252116
1543463747.670414 0.0872769 -0.0332508 -0.4704070 0.0021446 -0.5719176 -0.1163963 0.8120084
1543463756.603316 0.0757462 0.0573746 -0.7222140 -0.0178497 0.8554313 0.1709114 -0.4885775
1543463760.794555 0.1180008 0.0983072 -0.7446251 -0.0150992 0.9032918 0.1751212 -0.3913676
1543463763.167064 0.0178992 0.2161731 -0.8025794 -0.0143878 0.8964081 0.1778239 -0.4057389
1543463766.366126 0.0141851 0.2325657 -0.3230371 -0.0007283 -0.3597618 -0.0605197 0.9310791
1543463766.805813 0.1053508 0.2170276 -0.2626126 -0.0035956 -0.2323595 -0.0355468 0.9719735
1543463767.251069 0.2497421 0.1917870 -0.2094762 -0.0061632 -0.1067359 -0.0072669 0.9942418
1543463767.691164 0.4086229 0.1840902 -0.1673843 -0.0084281 0.0086750 0.0150858 0.9998130
1543463768.079559 0.4988795 0.1655949 -0.1715587 -0.0053802 0.0565378 0.0209938 0.9981652
1543463769.090093 0.3432395 0.1717015 -0.1947568 -0.0009976 -0.0913998 -0.0230174 0.9955477
1543463769.604177 0.1583430 0.1736260 -0.2640302 -0.0005686 -0.3172348 -0.0689646 0.9458359
1543463785.765935 -0.0967004 0.2118452 -0.5423530 0.0151835 -0.6488804 -0.1363760 0.7484152
1543463794.879286 -0.1023664 0.1511347 -0.4124977 -0.0164159 -0.5852336 -0.1005709 0.8044363
1543463823.352068 0.2423288 0.1641262 -0.0749129 -0.0088137 -0.1018973 -0.0182763 0.9945880
1543463827.102513 -0.0587865 -0.5260705 -0.9073177 0.0022606 -0.6687644 -0.1186159 0.7339478
1543463843.397192 0.0209305 0.3573058 -1.1375887 -0.0155578 0.9073099 0.1893791 -0.3750763
1543463846.733644 0.2679443 0.1862147 -0.0799540 0.0008986 -0.0412416 -0.0033304 0.9991432
1543463847.279842 0.0773544 -0.0072852 -0.2036325 -0.0000266 -0.2191426 -0.0468700 0.9745664
1543463849.842357 0.2887456 0.1560649 -1.1916087 -0.0139744 0.9481451 0.1967453 -0.2492327
1543463850.780269 0.0627390 -0.1259875 -1.0898676 -0.0070484 0.8691406 0.1750988 -0.4624774
1543463851.359064 0.0576769 -0.4051711 -0.8033884 0.0023115 -0.6217615 -0.1097264 0.7754788
1543463851.678229 0.1865417 -0.4777547 -0.5992756 -0.0072954 -0.3860320 -0.0554704 0.9207872
1543463852.956506 0.3060651 0.2520124 -0.1061411 -0.0048352 -0.1111217 -0.0134726 0.9937037
1543463853.461419 0.0782624 0.3400284 -0.1317599 -0.0063216 -0.2394781 -0.0527232 0.9694486
1543463853.880260 -0.0843943 0.3540165 -0.2777648 0.0036902 -0.4305587 -0.0913469 0.8979205
1543463854.215594 -0.1670335 0.3535355 -0.4350063 0.0104070 -0.5909282 -0.1241148 0.7970515
1543463855.327146 0.2554929 0.2446755 -1.1663849 -0.0325553 0.9484593 0.2033983 -0.2408199
1543463855.819690 0.2682026 0.2523381 -1.1856878 -0.0228667 0.9450195 0.2001541 -0.2575918
1543463856.026185 0.2519237 0.2524976 -1.1710520 -0.0211775 0.9429593 0.1941635 -0.2695920
1543463856.234638 0.1464666 0.0337884 -1.0807602 -0.0168723 0.9115610 0.1805872 -0.3689990
1543463856.469289 0.0294855 -0.2327337 -0.9771332 0.0078284 -0.8291764 -0.1606675 0.5353421
1543463857.131590 0.0600837 -0.4826298 -0.6293988 0.0008954 -0.5454214 -0.0948113 0.8327818
1543463859.013225 0.2639598 0.2895525 -0.0022784 -0.0049615 -0.1567263 -0.0167026 0.9874884
1543463860.598312 0.1247009 0.4131099 -1.1088506 -0.0151945 0.9448204 0.1957787 -0.2622104
1543463860.816796 0.1273859 0.4157879 -1.1050749 -0.0176911 0.9444982 0.1957991 -0.2631976
1543463861.049353 0.1279583 0.4096034 -1.1250154 -0.0174820 0.9431409 0.1982348 -0.2662378
1543463862.438027 0.3645152 0.0267686 -0.0281544 -0.0696323 -0.0298365 0.0229939 0.9968613
1543463862.865986 0.3636745 0.0923904 -0.0237794 -0.0803479 -0.0190930 0.0196749 0.9963897
1543463863.244524 0.3455907 0.0582128 -0.0534213 -0.0694259 -0.0723671 0.0028837 0.9949546
1543463864.427008 0.3362286 0.0578732 -0.0641404 -0.0630555 -0.1023539 -0.0102792 0.9926943
1543463865.177255 0.3153194 0.0750922 -0.0555297 -0.0671222 -0.1154479 -0.0129031 0.9909591
1543463865.686161 0.2583424 0.0994002 -0.0472521 -0.0741816 -0.1348552 -0.0203895 0.9878742
1543463866.094976 0.1927908 0.0973172 -0.0467328 -0.0698530 -0.1228355 -0.0204900 0.9897536
1543463866.539727 0.1429403 0.1017427 -0.0850408 -0.0554508 -0.1760539 -0.0227413 0.9825544
1543463866.985596 0.1308258 0.0771563 -0.1470286 -0.0528528 -0.2508253 -0.0391195 0.9657965
1543463868.262796 -0.7477314 0.4447626 -0.7129856 0.0068691 -0.6869872 -0.1415823 0.7127103
1543463868.587669 -0.9040939 0.5253954 -0.7512821 0.0065122 -0.7389359 -0.1495579 0.6569352
1543463868.893773 -1.0680325 0.6749822 -0.6722571 0.0014026 -0.7494475 -0.1466048 0.6456264
1543463869.155119 -1.1729370 0.9494286 -0.5229954 0.0005933 -0.7144248 -0.1354218 0.6864821
1543463871.821122 -1.2673810 1.2825072 -0.4454112 0.0127164 -0.7328169 -0.1357957 0.6666163
1543463871.981805 -1.2687056 1.2819617 -0.4450658 0.0122158 -0.7327971 -0.1356931 0.6666682
1543463872.992017 -1.2715986 1.2814583 -0.4426553 0.0128202 -0.7326558 -0.1363524 0.6666778
