1543781390.389746 0.0000000 0.0000000 0.0000000 0.0000000 0.0000000 0.0000000 1.0000000
1543781390.479006 -0.0294157 0.0014038 0.0075754 0.0001562 -0.0013657 -0.0004015 0.9999990
1543781390.612328 -0.0646494 0.0116119 0.0186475 -0.0017048 0.0098563 0.0030274 0.9999454
1543781391.072524 -0.2282751 0.0418861 0.0696416 -0.0017099 0.0609579 0.0120087 0.9980666
1543781391.215830 -0.2517458 0.0417855 0.0835281 -0.0044845 0.0795981 0.0174369 0.9966644
1543781391.579449 -0.2846075 0.0582813 0.1168811 -0.0051269 0.1085695 0.0291184 0.9936491
1543781391.869624 -0.2706777 0.0396221 0.0918077 -0.0036324 0.0819937 0.0255862 0.9962977
1543781393.036375 0.0488599 -0.0455743 -0.1208660 0.0041063 -0.0647215 -0.0060263 0.9978767
1543781394.027613 0.3022578 0.0078065 -0.1286070 -0.0017323 0.1066752 0.0263931 0.9939420
1543781394.271979 0.3327643 0.0368466 -0.1200487 -0.0021696 0.1461593 0.0340924 0.9886711
1543781395.151962 0.3913221 0.0690557 -0.1114305 -0.0038631 0.2092959 0.0475896 0.9766860
1543781395.555966 0.3119523 0.0710376 -0.1004720 -0.0011559 0.1373762 0.0266709 0.9901592
1543781395.869466 0.2736379 0.0477750 -0.0955038 -0.0006107 0.1000115 0.0196085 0.9947929
1543781397.034633 0.1162241 -0.0032439 -0.1021254 0.0028778 -0.0675426 -0.0149456 0.9976003
1543781400.585526 -0.2048289 0.0132380 -0.2348399 0.0107344 -0.4381047 -0.0881330 0.8945287
1543781400.934072 -0.1629376 0.0264013 -0.3148340 0.0088564 -0.4852537 -0.1000025 0.8685908
1543781401.885519 -0.2304700 0.0237388 -0.3689720 0.0057589 -0.5444568 -0.1131331 0.8311044
1543781411.022987 -0.1715437 0.1179245 -0.6415495 -0.0225149 0.8851592 0.1801949 -0.4283878
1543781416.120649 -0.1835846 0.1723295 -0.6340233 -0.0187343 0.8724859 0.1750104 -0.4558384
1543781416.628495 -0.2050456 0.2026415 -0.6458150 -0.0180121 0.8880752 0.1770947 -0.4238343
1543781420.520330 -0.1752991 0.2591013 -0.1914516 0.0022018 -0.2147121 -0.0340596 0.9760808
1543781420.921580 -0.0646305 0.2367919 -0.1537008 -0.0013659 -0.0996823 -0.0081245 0.9949852
1543781421.751008 0.1945260 0.2121013 -0.1277395 -0.0019835 0.0879635 0.0288839 0.9957029
1543781422.365517 0.2407036 0.2076978 -0.1414515 -0.0013388 0.1539170 0.0349777 0.9874636
1543781422.939541 0.0653562 0.2109098 -0.1442695 0.0015159 -0.0578747 -0.0172835 0.9981731
1543781423.458920 -0.1127767 0.2183037 -0.1814225 0.0043871 -0.2870031 -0.0661648 0.9556319
1543781475.223432 -0.2763256 -0.4429947 -0.5435640 0.0006334 -0.5853483 -0.1065482 0.8037502
1543781477.338871 -0.0100402 0.2337739 0.0149204 -0.0054220 -0.0599762 -0.0092607 0.9981421
1543781482.077850 -0.0006214 0.2504941 0.0336016 -0.0125214 -0.0503102 0.0012162 0.9986544
1543781489.144829 -0.1000137 0.2370056 -0.0416961 -0.0043751 -0.0589267 -0.0030161 0.9982482
1543781495.501996 -0.0827107 0.0324328 -0.0435090 0.0173483 -0.0187200 -0.0123192 0.9995983
1543781499.456288 -0.1245111 -0.1779981 -0.1783649 -0.0066716 -0.2453013 -0.0340621 0.9688253
1543781502.774111 -0.1340545 0.3065636 -0.8827727 -0.0374483 0.9678162 0.1718292 -0.1800113
1543781502.940492 -0.1428845 0.4884801 -0.8240426 -0.0545221 0.9695791 0.1274924 -0.2017163
1543781503.167814 -0.1507774 0.5662916 -0.8026466 -0.0600750 0.9664723 0.1037395 -0.2270690
1543781503.337247 -0.1429716 0.4961133 -0.8175699 -0.0501558 0.9603350 0.1169712 -0.2481105
1543781503.773629 -0.1394411 0.3900018 -0.8599492 -0.0363393 0.9540615 0.1434579 -0.2605110
1543781504.038582 -0.1434844 0.5303908 -0.8021631 -0.0561086 0.9597147 0.1103691 -0.2522264
1543781504.280064 -0.2316637 0.4983541 -0.7587697 -0.0461597 0.9553755 0.1053021 -0.2720999
1543781504.572031 -0.3909317 0.2169639 -0.6522478 0.0240832 0.9013514 0.0981537 -0.4211313
1543781505.158991 -0.2225623 -0.3093104 -0.6631647 0.0058952 -0.6080881 -0.1091513 0.7863079
1543781505.685356 0.0621739 -0.3858184 -0.3373288 -0.0157292 -0.1664540 -0.0053413 0.9859093
1543781506.704776 0.0709077 0.2602280 -0.0601075 -0.0011311 -0.0422828 0.0007312 0.9991048
1543781507.228333 -0.1133848 0.3415530 -0.0914726 -0.0088359 -0.1606497 -0.0437461 0.9860020
1543781508.421066 -0.4168807 0.3743386 -0.5670208 0.0241331 -0.7298687 -0.1563703 0.6650245
1543781509.533003 -0.0782636 0.3320352 -0.9425086 -0.0280038 0.9358219 0.1845989 -0.2989589
1543781509.854599 -0.0889396 0.3323234 -0.9401442 -0.0234238 0.9326694 0.1787281 -0.3124665
1543781510.677283 -0.2669228 -0.3632556 -0.6139296 0.0021025 -0.6284696 -0.1172504 0.7689434
1543781511.043941 -0.1683505 -0.4044151 -0.4324175 0.0017822 -0.4443435 -0.0754260 0.8926739
1543781512.360952 0.0172476 0.3095227 0.0222377 -0.0004213 -0.0967259 -0.0084694 0.9952749
1543781512.897137 0.0105367 0.3246721 0.0490310 0.0010875 -0.1123223 -0.0114669 0.9936051
1543781514.097551 -0.1962551 0.4717856 -0.9016027 -0.0200807 0.9424234 0.1939705 -0.2716806
1543781514.373675 -0.2013010 0.4692268 -0.8986157 -0.0184962 0.9349994 0.1866691 -0.3009794
1543781514.698031 -0.1987020 0.4687138 -0.8984289 -0.0182773 0.9329269 0.1826693 -0.3097504
1543781515.020967 -0.2194496 0.4783129 -0.9058644 -0.0201613 0.9239847 0.1758175 -0.3390191
1543781515.911536 -0.0789316 -0.1669410 -0.1374048 -0.0120679 -0.2507597 -0.0178415 0.9678097
1543781516.976833 0.0912131 0.2445978 0.0095165 -0.0059231 -0.0158048 0.0131961 0.9997705
1543781518.958745 0.0539945 0.2655325 0.0117541 0.0007396 -0.0567799 -0.0084536 0.9983507
1543781519.530607 -0.0469162 0.3017168 0.0359638 0.0005741 -0.0612374 -0.0128378 0.9980405
1543781520.116760 -0.1839824 0.2778462 0.0289208 0.0025099 -0.0342996 -0.0093512 0.9993647
1543781520.655465 -0.2594995 0.2719647 -0.0689506 0.0068630 -0.1142567 -0.0238977 0.9931401
1543781521.512952 -0.7665766 0.3884191 -0.4217213 0.0123353 -0.5818695 -0.1342722 0.8020266
1543781521.817419 -0.8691282 0.4108992 -0.4431703 0.0065005 -0.6197556 -0.1325547 0.7734921
1543781522.130099 -0.9883417 0.4431304 -0.4911449 0.0076506 -0.6560124 -0.1363314 0.7422957
1543781523.226490 -1.4079428 1.0432640 -0.2072201 0.0020857 -0.7001329 -0.1336031 0.7013984
1543781523.589430 -1.4178632 1.1602873 -0.1666958 0.0110662 -0.7045785 -0.1330808 0.6969478
1543781523.779222 -1.4197494 1.1621740 -0.1655656 0.0132220 -0.7048261 -0.1329123 0.6966920
1543781528.789032 -1.4219346 1.1637321 -0.1670214 0.0119089 -0.7027155 -0.1331425 0.6988006
