1547768783.476451 0 0.3912022 0 -0.0207513 0.9768603 0.2015028 -0.0686294
1547768783.958506 -0.0217025012674 0.3918304 0.0109452213335 -0.0189134 0.9770726 0.2025445 -0.0628264
1547768784.507992 -0.0586951379784 0.3864190 0.0230441161764 -0.0191716 0.9779491 0.2028619 -0.0457724
1547768784.791114 -0.0892440039304 0.3795370 0.0253279636197 -0.0176753 0.9778175 0.2033339 -0.0470733
1547768785.081817 -0.127063327622 0.3736376 0.0246289821166 -0.0178407 0.9778027 0.2019042 -0.0530871
1547768785.344797 -0.16228947317 0.3630354 0.0235988180968 -0.0179550 0.9770265 0.2019659 -0.0656250
1547768785.880367 -0.208450222463 0.3598548 0.00685212540188 -0.0192427 0.9762771 0.2027227 -0.0735948
1547768786.715425 -0.365028651003 0.3613306 0.0170740859427 -0.0183850 0.9790825 0.1979048 -0.0435113
1547768786.947953 -0.410653052366 0.3456626 0.0275021161634 -0.0189722 0.9785956 0.1996928 -0.0459731
1547768787.264300 -0.468646639337 0.3394163 0.0146392217107 -0.0188849 0.9779246 0.2005025 -0.0557285
1547768787.842741 -0.587647690594 0.3223072 0.0253037186425 -0.0177326 0.9774301 0.2007651 -0.0633193
1547768788.488192 -0.696913098159 0.3136998 0.0110899405669 -0.0218210 0.9791447 0.2016182 -0.0122310
1547768788.793396 -0.717975047307 0.3191423 0.00237507728051 -0.0221806 0.9789381 0.2025750 -0.0123120
1547768789.709929 -0.790003807652 0.3483042 0.0204231995442 -0.0230546 0.9791594 0.2016414 -0.0074950
1547768790.285380 -0.848772927034 0.3199247 0.0120326895004 -0.0207878 0.9786331 0.2042044 0.0120671
1547768790.984584 -0.988044352591 0.3088316 0.00633605125934 -0.0169375 0.9788095 0.2015145 0.0322036
1547768792.158310 -1.14323495719 0.3074291 0.00178826076983 -0.0202961 0.9791185 0.2022674 -0.0017180
1547768792.488921 -1.16940566831 0.2907208 -0.00983423285877 -0.0215516 0.9782303 0.2061073 0.0109899
1547768792.818434 -1.20239042782 0.3014463 -0.0339226396812 -0.0230898 0.9764847 0.2008099 0.0749656
1547768793.131284 -1.23246276644 0.2938739 -0.0477704428028 -0.0266406 0.9763182 0.2031965 0.0693115
1547768793.494412 -1.28944249815 0.2958907 -0.0518959318038 -0.0242832 0.9789984 0.2001778 0.0300214
1547768793.832379 -1.34947718359 0.2991682 -0.0616715647465 -0.0197572 0.9790869 0.2014563 0.0203459
1547768794.179622 -1.41817504079 0.2950130 -0.0492969208349 -0.0189780 0.9795602 0.1996550 -0.0154758
1547768794.757492 -1.54581757338 0.2688904 -0.014255222718 -0.0183157 0.9768474 0.2013798 -0.0698564
1547768795.258657 -1.61634420883 0.2694285 0.00534639336016 -0.0206020 0.9763101 0.2042287 -0.0684456
1547768795.520912 -1.66608269843 0.2659219 0.0100507323252 -0.0197082 0.9749568 0.2032902 -0.0880003
1547768795.722667 -1.71100221679 0.2629641 0.0152274219371 -0.0178663 0.9751942 0.2059458 -0.0791410
1547768796.325365 -1.85784233426 0.2558783 0.0263102966601 -0.0175385 0.9766486 0.2050883 -0.0615518
1547768796.521470 -1.90782509067 0.2514460 0.0259689005171 -0.0178093 0.9759632 0.2060581 -0.0686931
1547768796.695230 -1.94973565569 0.2518018 0.0246685375614 -0.0174992 0.9757271 0.2064638 -0.0708736
1547768797.024671 -2.02183435608 0.2532967 0.0260700300557 -0.0192297 0.9757315 0.2062472 -0.0709954
1547768797.194263 -2.0528835886 0.2522581 0.0233233513282 -0.0199938 0.9750878 0.2063067 -0.0790041
1547768797.620753 -2.11518274575 0.2467197 0.0172262747419 -0.0215530 0.9751253 0.2062379 -0.0783082
1547768797.826728 -2.14550960718 0.2452868 0.0150871192005 -0.0215053 0.9747414 0.2058394 -0.0839458
1547768798.162858 -2.17214378731 0.2459433 0.0110892120762 -0.0223272 0.9748388 0.2047547 -0.0852425
1547768798.421870 -2.18833788889 0.2366147 0.0029520646386 -0.0218731 0.9756156 0.2064407 -0.0712601
