1547768783.476451 -0.5732533 0.3912022 0.5087929 -0.0207513 0.9768603 0.2015028 -0.0686294
1547768783.958506 -0.5938520 0.3918304 0.5216960 -0.0189134 0.9770726 0.2025445 -0.0628264
1547768784.507992 -0.6295689 0.3864190 0.5371602 -0.0191716 0.9779491 0.2028619 -0.0457724
1547768784.791114 -0.6597762 0.3795370 0.5422561 -0.0176753 0.9778175 0.2033339 -0.0470733
1547768785.081817 -0.6974984 0.3736376 0.5450535 -0.0178407 0.9778027 0.2019042 -0.0530871
1547768785.344797 -0.7326691 0.3630354 0.5472816 -0.0179550 0.9770265 0.2019659 -0.0656250
1547768785.880367 -0.7801794 0.3598548 0.5348704 -0.0192427 0.9762771 0.2027227 -0.0735948
1547768786.715425 -0.9351442 0.3613306 0.5595119 -0.0183850 0.9790825 0.1979048 -0.0435113
1547768786.947953 -0.9796103 0.3456626 0.5741097 -0.0189722 0.9785956 0.1996928 -0.0459731
1547768787.264300 -1.0385441 0.3394163 0.5666587 -0.0188849 0.9779246 0.2005025 -0.0557285
1547768787.842741 -1.1560513 0.3223072 0.5882698 -0.0177326 0.9774301 0.2007651 -0.0633193
1547768788.488192 -1.2661625 0.3136998 0.5842097 -0.0218210 0.9791447 0.2016182 -0.0122310
1547768788.793396 -1.2879394 0.3191423 0.5774776 -0.0221806 0.9789381 0.2025750 -0.0123120
1547768789.709929 -1.3579931 0.3483042 0.6021019 -0.0230546 0.9791594 0.2016414 -0.0074950
1547768790.285380 -1.4172860 0.3199247 0.5991758 -0.0207878 0.9786331 0.2042044 0.0120671
1547768790.984584 -1.5564882 0.3088316 0.6063681 -0.0169375 0.9788095 0.2015145 0.0322036
1547768792.158310 -1.7114354 0.3074291 0.6161748 -0.0202961 0.9791185 0.2022674 -0.0017180
1547768792.488921 -1.7385678 0.2907208 0.6070194 -0.0215516 0.9782303 0.2061073 0.0109899
1547768792.818434 -1.7736366 0.3014463 0.5860808 -0.0230898 0.9764847 0.2008099 0.0749656
1547768793.131284 -1.8048595 0.2938739 0.5750700 -0.0266406 0.9763182 0.2031965 0.0693115
1547768793.494412 -1.8619767 0.2958907 0.5762254 -0.0242832 0.9789984 0.2001778 0.0300214
1547768793.832379 -1.9226577 0.2991682 0.5720370 -0.0197572 0.9790869 0.2014563 0.0203459
1547768794.179622 -1.9899188 0.2950130 0.5907044 -0.0189780 0.9795602 0.1996550 -0.0154758
1547768794.757492 -2.1137788 0.2688904 0.6373867 -0.0183157 0.9768474 0.2013798 -0.0698564
1547768795.258657 -2.1821933 0.2694285 0.6634191 -0.0206020 0.9763101 0.2042287 -0.0684456
1547768795.520912 -2.2312846 0.2659219 0.6726977 -0.0197082 0.9749568 0.2032902 -0.0880003
1547768795.722667 -2.2755339 0.2629641 0.6820015 -0.0178663 0.9751942 0.2059458 -0.0791410
1547768796.325365 -2.4207225 0.2558783 0.7066007 -0.0175385 0.9766486 0.2050883 -0.0615518
1547768796.521470 -2.4705231 0.2514460 0.7108777 -0.0178093 0.9759632 0.2060581 -0.0686931
1547768796.695230 -2.5123746 0.2518018 0.7134542 -0.0174992 0.9757271 0.2064638 -0.0708736
1547768797.024671 -2.5840356 0.2532967 0.7215095 -0.0192297 0.9757315 0.2062472 -0.0709954
1547768797.194263 -2.6152058 0.2522581 0.7216426 -0.0199938 0.9750878 0.2063067 -0.0790041
1547768797.620753 -2.6778018 0.2467197 0.7213262 -0.0215530 0.9751253 0.2062379 -0.0783082
1547768797.826728 -2.7081966 0.2452868 0.7219975 -0.0215053 0.9747414 0.2058394 -0.0839458
1547768798.162858 -2.7350862 0.2459433 0.7204769 -0.0223272 0.9748388 0.2047547 -0.0852425
1547768798.421870 -2.7519627 0.2366147 0.7138704 -0.0218731 0.9756156 0.2064407 -0.0712601
