1547774683.636120 -0.6539974 0.4972202 0.3274547 -0.0122681 0.9782055 0.2064317 -0.0186933
1547774683.944840 -0.6889100 0.4967074 0.3285885 -0.0119325 0.9782377 0.2056806 -0.0245779
1547774684.252431 -0.7347714 0.4850748 0.3326576 -0.0101856 0.9780334 0.2060304 -0.0299716
1547774684.553370 -0.7820234 0.4749295 0.3350221 -0.0109722 0.9776930 0.2054532 -0.0422492
1547774686.059165 -1.0480917 0.4592898 0.3504723 -0.0109795 0.9785423 0.2046489 -0.0212904
1547774686.653532 -1.1869160 0.4324726 0.3499198 -0.0115445 0.9775406 0.2070928 -0.0373313
1547774687.980417 -1.4528704 0.4205043 0.3554945 -0.0147429 0.9779856 0.2078207 0.0117189
1547774688.576136 -1.5030137 0.4156542 0.3593141 -0.0136663 0.9776255 0.2086690 0.0227767
1547774689.543105 -1.6169943 0.4204270 0.3739536 -0.0124325 0.9767107 0.2104652 0.0398242
1547774689.843929 -1.6978494 0.4267679 0.3740244 -0.0081321 0.9770629 0.2070064 0.0492979
1547774690.181159 -1.7748921 0.4163894 0.3768320 -0.0076262 0.9769295 0.2060694 0.0555513
1547774690.518514 -1.8273432 0.4188743 0.3683653 -0.0120549 0.9782368 0.2058457 0.0231307
1547774690.855331 -1.8878357 0.4101011 0.3889803 -0.0125458 0.9782933 0.2067989 0.0043657
1547774691.262134 -1.9372466 0.4130645 0.3942240 -0.0110374 0.9780450 0.2079557 0.0077863
1547774692.218862 -2.0648596 0.4304405 0.3166081 -0.0206346 0.9733841 0.2016166 0.1069968
1547774692.545364 -2.1092324 0.4257283 0.3149930 -0.0201932 0.9764463 0.2015774 0.0742382
1547774692.856483 -2.1609032 0.4238932 0.3052412 -0.0178048 0.9775627 0.2038345 0.0500568
1547774694.121171 -2.4902661 0.3993613 0.3684838 -0.0140070 0.9783776 0.2042115 -0.0296438
1547774694.419053 -2.5473771 0.4152932 0.3878224 -0.0150623 0.9782726 0.2037981 -0.0349605
1547774694.727899 -2.6151576 0.4074937 0.3959179 -0.0144820 0.9773043 0.2044101 -0.0536932
1547774694.929801 -2.6697879 0.4077898 0.4039665 -0.0133194 0.9776101 0.2050591 -0.0452970
1547774695.442049 -2.8310966 0.4084635 0.4194012 -0.0118121 0.9784687 0.2041618 -0.0278827
1547774695.689846 -2.8960676 0.4009861 0.4252454 -0.0129302 0.9780056 0.2055299 -0.0330958
1547774695.970634 -2.9728827 0.4018254 0.4239214 -0.0133811 0.9775429 0.2068136 -0.0381955
1547774696.188254 -3.0325089 0.4055462 0.4279314 -0.0150054 0.9776574 0.2060800 -0.0386259
1547774696.622445 -3.1272407 0.4047163 0.4238729 -0.0168561 0.9776431 0.2053743 -0.0418469
1547774697.012076 -3.1980844 0.4014546 0.4200045 -0.0175315 0.9774035 0.2048738 -0.0490081
1547774697.278342 -3.2258084 0.4004672 0.4163833 -0.0185405 0.9771934 0.2044406 -0.0543443
1547774697.485657 -3.2390077 0.3996466 0.4111629 -0.0191629 0.9781209 0.2043736 -0.0338200
1547774698.913768 -3.2500443 0.3930804 0.4061412 -0.0185348 0.9774895 0.2060480 -0.0414125
