1547774683.636120 0 0.4972202 0 -0.0122681 0.9782055 0.2064317 -0.0186933
1547774683.944840 -0.0349308691599 0.4967074 9.75752561575e-05 -0.0119325 0.9782377 0.2056806 -0.0245779
1547774684.252431 -0.0808927986426 0.4850748 0.00280434879648 -0.0101856 0.9780334 0.2060304 -0.0299716
1547774684.553370 -0.128194146987 0.4749295 0.00376601872023 -0.0109722 0.9776930 0.2054532 -0.0422492
1547774686.059165 -0.394603689122 0.4592898 0.0113161713399 -0.0109795 0.9785423 0.2046489 -0.0212904
1547774686.653532 -0.533350496411 0.4324726 0.00664551894847 -0.0115445 0.9775406 0.2070928 -0.0373313
1547774687.980417 -0.799353219684 0.4205043 0.00432789715477 -0.0147429 0.9779856 0.2078207 0.0117189
1547774688.576136 -0.849587762804 0.4156542 0.00665825261945 -0.0136663 0.9776255 0.2086690 0.0227767
1547774689.543105 -0.963952494376 0.4204270 0.0179099328911 -0.0124325 0.9767107 0.2104652 0.0398242
1547774689.843929 -1.04477410719 0.4267679 0.0155820345971 -0.0081321 0.9770629 0.2070064 0.0492979
1547774690.181159 -1.12186618857 0.4163894 0.0161028313172 -0.0076262 0.9769295 0.2060694 0.0555513
1547774690.518514 -1.17404302756 0.4188743 0.00608383071436 -0.0120549 0.9782368 0.2058457 0.0231307
1547774690.855331 -1.23512047203 0.4101011 0.0248951719604 -0.0125458 0.9782933 0.2067989 0.0043657
1547774691.262134 -1.2846651852 0.4130645 0.028670728179 -0.0110374 0.9780450 0.2079557 0.0077863
1547774692.218862 -1.4099194454 0.4304405 -0.0526968083744 -0.0206346 0.9733841 0.2016166 0.1069968
1547774692.545364 -1.45422480121 0.4257283 -0.05562757182 -0.0201932 0.9764463 0.2015774 0.0742382
1547774692.856483 -1.50558355955 0.4238932 -0.0669079582288 -0.0178048 0.9775627 0.2038345 0.0500568
1547774694.121171 -1.83667766421 0.3993613 -0.0134641540032 -0.0140070 0.9783776 0.2042115 -0.0296438
1547774694.419053 -1.89433723101 0.4152932 0.00417166544174 -0.0150623 0.9782726 0.2037981 -0.0349605
1547774694.727899 -1.96232806119 0.4074937 0.0102528094321 -0.0144820 0.9773043 0.2044101 -0.0536932
1547774694.929801 -2.01717308794 0.4077898 0.016677191108 -0.0133194 0.9776101 0.2050591 -0.0452970
1547774695.442049 -2.17886867913 0.4084635 0.0273196744138 -0.0118121 0.9784687 0.2041618 -0.0278827
1547774695.689846 -2.24398445827 0.4009861 0.0312338566038 -0.0129302 0.9780056 0.2055299 -0.0330958
1547774695.970634 -2.32072647077 0.4018254 0.027631623843 -0.0133811 0.9775429 0.2068136 -0.0381955
1547774696.188254 -2.38044538854 0.4055462 0.029870973479 -0.0150054 0.9776574 0.2060800 -0.0386259
1547774696.622445 -2.47501509284 0.4047163 0.0230039230853 -0.0168561 0.9776431 0.2053743 -0.0418469
1547774697.012076 -2.54571285081 0.4014546 0.0170355592263 -0.0175315 0.9774035 0.2048738 -0.0490081
1547774697.278342 -2.57331722097 0.4004672 0.0125934861098 -0.0185405 0.9771934 0.2044406 -0.0543443
1547774697.485657 -2.58635584177 0.3996466 0.00698381016052 -0.0191629 0.9781209 0.2043736 -0.0338200
1547774698.913768 -2.59723860914 0.3930804 0.00163690594149 -0.0185348 0.9774895 0.2060480 -0.0414125
