1547770411.137072 -0.5755728 0.3690463 0.5661415 -0.0172210 0.9753213 0.2051055 -0.0798975
1547770411.713799 -0.6376680 0.3565442 0.5777268 -0.0156219 0.9744677 0.2045697 -0.0912134
1547770412.041938 -0.6818691 0.3436701 0.5848077 -0.0161099 0.9732341 0.2043918 -0.1038265
1547770413.794026 -0.9484413 0.3092859 0.6312788 -0.0173381 0.9734495 0.2046711 -0.1010209
1547770414.065102 -0.9994363 0.3037420 0.6329899 -0.0169851 0.9736092 0.2049920 -0.0988678
1547770414.371612 -1.0526772 0.2971543 0.6547704 -0.0163441 0.9736659 0.2041834 -0.1000837
1547770416.069123 -1.2655243 0.2881179 0.6725357 -0.0187828 0.9767846 0.2087851 -0.0441335
1547770416.778356 -1.3246108 0.2862258 0.7030360 -0.0183457 0.9770313 0.2090118 -0.0372466
1547770417.146897 -1.3766363 0.2733547 0.6946996 -0.0160383 0.9768693 0.2107491 -0.0324631
1547770417.514155 -1.4685220 0.2693702 0.7132080 -0.0118117 0.9777321 0.2081879 -0.0236279
1547770418.721895 -1.6105601 0.2523517 0.7470886 -0.0148226 0.9758559 0.2110722 -0.0541664
1547770419.080312 -1.6597624 0.2452463 0.7447447 -0.0167377 0.9769256 0.2121585 -0.0180280
1547770419.457823 -1.6743634 0.2657042 0.7127273 -0.0206753 0.9780567 0.2061804 0.0216176
1547770419.823984 -1.7550316 0.2322472 0.7056374 -0.0216201 0.9757422 0.2147050 0.0368987
1547770420.494786 -1.8659319 0.2350826 0.7102767 -0.0156315 0.9766402 0.2141038 -0.0094473
1547770420.872975 -1.9110181 0.2383076 0.7341154 -0.0174620 0.9755674 0.2091757 -0.0648761
1547770422.236197 -2.1366854 0.2085989 0.8347521 -0.0166944 0.9685423 0.2115441 -0.1299851
1547770422.442704 -2.1828487 0.2132539 0.8503515 -0.0146947 0.9694741 0.2115073 -0.1231609
1547770422.683586 -2.2399390 0.2087808 0.8615328 -0.0148007 0.9705025 0.2125726 -0.1127772
1547770422.886240 -2.2858515 0.2017358 0.8775979 -0.0148981 0.9716818 0.2123434 -0.1025805
1547770423.331748 -2.4038179 0.1933617 0.8987168 -0.0156415 0.9706458 0.2134987 -0.1096372
1547770423.623669 -2.4686291 0.1970091 0.9111708 -0.0164756 0.9706787 0.2124644 -0.1112219
1547770423.823383 -2.5091772 0.1949072 0.9172111 -0.0170433 0.9700307 0.2124368 -0.1167074
1547770424.253004 -2.5785904 0.1870783 0.9236401 -0.0184447 0.9699209 0.2127581 -0.1168213
1547770424.472872 -2.6118646 0.1853100 0.9274873 -0.0186400 0.9692881 0.2122449 -0.1228221
1547770424.742531 -2.6354465 0.1824819 0.9280443 -0.0197020 0.9685876 0.2122082 -0.1281313
1547770424.968669 -2.6497433 0.1795267 0.9249290 -0.0199739 0.9714307 0.2129029 -0.1029358
