1547770411.137072 0 0.3690463 0 -0.0172210 0.9753213 0.2051055 -0.0798975
1547770411.713799 -0.0631610286486 0.3565442 0.000847053233686 -0.0156219 0.9744677 0.2045697 -0.0912134
1547770412.041938 -0.107922378153 0.3436701 0.00030118092847 -0.0161099 0.9732341 0.2043918 -0.1038265
1547770413.794026 -0.378514552206 0.3092859 0.000721049266099 -0.0173381 0.9734495 0.2046711 -0.1010209
1547770414.065102 -0.429056673463 0.3037420 -0.00627265268878 -0.0169851 0.9736092 0.2049920 -0.0988678
1547770414.371612 -0.485227924842 0.2971543 0.00612791711999 -0.0163441 0.9736659 0.2041834 -0.1000837
1547770416.069123 -0.697992961167 0.2881179 -0.012594614231 -0.0187828 0.9767846 0.2087851 -0.0441335
1547770416.778356 -0.761408705748 0.2862258 0.00740353872262 -0.0183457 0.9770313 0.2090118 -0.0372466
1547770417.146897 -0.811256109902 0.2733547 -0.00966644998116 -0.0160383 0.9768693 0.2107491 -0.0324631
1547770417.514155 -0.904951309934 0.2693702 -0.00706794541039 -0.0118117 0.9777321 0.2081879 -0.0236279
1547770418.721895 -1.05068357552 0.2523517 0.00214203157148 -0.0148226 0.9758559 0.2110722 -0.0541664
1547770419.080312 -1.09876895652 0.2452463 -0.00854236484259 -0.0167377 0.9769256 0.2121585 -0.0180280
1547770419.457823 -1.10770723162 0.2657042 -0.0425777925888 -0.0206753 0.9780567 0.2061804 0.0216176
1547770419.823984 -1.18599154473 0.2322472 -0.0632947299689 -0.0216201 0.9757422 0.2147050 0.0368987
1547770420.494786 -1.29606322922 0.2350826 -0.0775994116258 -0.0156315 0.9766402 0.2141038 -0.0094473
1547770420.872975 -1.3445491 0.2383076 -0.0617826678776 -0.0174620 0.9755674 0.2091757 -0.0648761
1547770422.236197 -1.58405276216 0.2085989 -0.00102518693139 -0.0166944 0.9685423 0.2115441 -0.1299851
1547770422.442704 -1.63219760866 0.2132539 0.00648915286736 -0.0146947 0.9694741 0.2115073 -0.1231609
1547770422.683586 -1.69035800468 0.2087808 0.00778998283243 -0.0148007 0.9705025 0.2125726 -0.1127772
1547770422.886240 -1.73833497744 0.2017358 0.0158059156319 -0.0148981 0.9716818 0.2123434 -0.1025805
1547770423.331748 -1.85817463715 0.1933617 0.0165376446368 -0.0156415 0.9706458 0.2134987 -0.1096372
1547770423.623669 -1.92415989464 0.1970091 0.0177784327121 -0.0164756 0.9706787 0.2124644 -0.1112219
1547770423.823383 -1.96514442909 0.1949072 0.0168289202482 -0.0170433 0.9700307 0.2124368 -0.1167074
1547770424.253004 -2.0346390215 0.1870783 0.01134932162 -0.0184447 0.9699209 0.2127581 -0.1168213
1547770424.472872 -2.06808251098 0.1853100 0.00947679796994 -0.0186400 0.9692881 0.2122449 -0.1228221
1547770424.742531 -2.09141510819 0.1824819 0.00601180678101 -0.0197020 0.9685876 0.2122082 -0.1281313
1547770424.968669 -2.10497303418 0.1795267 0.000508514387186 -0.0199739 0.9714307 0.2129029 -0.1029358
