1547770589.247037 -0.5919977 0.3193506 0.4523203 -0.0150074 0.9739746 0.2258901 0.0110453
1547770589.532778 -0.6055833 0.3164628 0.4576786 -0.0150308 0.9739642 0.2248841 0.0243933
1547770589.819091 -0.6337178 0.3135321 0.4568586 -0.0139317 0.9739867 0.2252738 0.0201853
1547770590.097344 -0.6620640 0.3094890 0.4549133 -0.0136988 0.9742323 0.2247019 0.0138864
1547770590.431031 -0.7015447 0.2998919 0.4517135 -0.0139627 0.9741526 0.2254577 0.0008327
1547770592.217371 -0.9456611 0.2917809 0.4349948 -0.0138193 0.9747813 0.2226729 0.0052129
1547770594.263506 -1.1722003 0.2667410 0.4152330 -0.0194183 0.9719751 0.2233248 0.0708052
1547770594.489146 -1.2026374 0.2988734 0.4156877 -0.0164993 0.9732791 0.2230468 0.0520160
1547770595.188598 -1.2532386 0.2913286 0.4277512 -0.0160559 0.9723124 0.2245833 0.0625549
1547770595.542378 -1.2964716 0.2807517 0.4125237 -0.0142117 0.9712098 0.2270963 0.0705461
1547770595.916091 -1.3710279 0.2767429 0.4138131 -0.0102543 0.9710610 0.2257026 0.0774189
1547770596.323883 -1.4028059 0.2749082 0.4099296 -0.0147109 0.9719380 0.2256701 0.0647553
1547770597.472867 -1.5076298 0.2951521 0.3875970 -0.0212678 0.9723455 0.2214705 0.0710123
1547770597.813716 -1.5613029 0.2901161 0.3749210 -0.0169504 0.9676907 0.2192725 0.1233166
1547770598.180620 -1.5754224 0.2890701 0.3585888 -0.0213907 0.9669340 0.2189499 0.1290036
1547770598.539347 -1.6125861 0.2862603 0.3559385 -0.0206165 0.9713728 0.2189522 0.0898315
1547770599.276955 -1.7511740 0.2822830 0.3533157 -0.0165457 0.9740922 0.2219761 0.0399652
1547770600.784097 -1.9849396 0.2584418 0.3985800 -0.0179148 0.9730795 0.2292993 -0.0147372
1547770601.076138 -2.0536630 0.2666979 0.3991896 -0.0159981 0.9736449 0.2274519 -0.0050433
1547770601.245063 -2.0878236 0.2638319 0.4057938 -0.0164275 0.9739006 0.2262578 0.0074236
1547770601.513409 -2.1464186 0.2558314 0.4098278 -0.0172751 0.9734800 0.2281065 0.0023603
1547770601.906051 -2.2299261 0.2583516 0.4044742 -0.0179461 0.9733246 0.2286930 -0.0040834
1547770602.260160 -2.2943287 0.2596534 0.4011605 -0.0195603 0.9732556 0.2286387 -0.0107344
1547770602.437789 -2.3147585 0.2570283 0.3985178 -0.0208581 0.9731404 0.2290943 -0.0088624
1547770602.811871 -2.3663607 0.2544950 0.3926991 -0.0209723 0.9731125 0.2288905 -0.0148781
1547770603.266706 -2.4020844 0.2553595 0.3851732 -0.0208976 0.9732147 0.2286482 -0.0116762
1547770603.497043 -2.4134238 0.2500240 0.3788517 -0.0214796 0.9732127 0.2288966 -0.0014235
1547770604.761816 -2.4094040 0.2516945 0.3777254 -0.0225269 0.9731409 0.2289780 -0.0076454
