1547770042.311957 -0.5693367 0.4014885 0.5325803 -0.0214756 0.9765509 0.2066904 -0.0562683
1547770042.506650 -0.5760209 0.4009880 0.5363324 -0.0211877 0.9765024 0.2077014 -0.0534261
1547770043.306799 -0.6278321 0.3936859 0.5555977 -0.0207789 0.9773554 0.2072797 -0.0371441
1547770043.592768 -0.6589044 0.3873453 0.5595379 -0.0201973 0.9773234 0.2073117 -0.0381159
1547770044.143774 -0.7313314 0.3690756 0.5622411 -0.0207334 0.9766371 0.2058770 -0.0580061
1547770044.413335 -0.7502789 0.3697668 0.5538989 -0.0217375 0.9761147 0.2070874 -0.0619860
1547770044.644825 -0.7777759 0.3668180 0.5516548 -0.0200333 0.9762058 0.2066794 -0.0624853
1547770045.760189 -0.9830025 0.3509063 0.5832531 -0.0202207 0.9778920 0.2043036 -0.0397274
1547770046.688587 -1.1686624 0.3275318 0.5900037 -0.0195496 0.9765071 0.2064975 -0.0583987
1547770047.933913 -1.3002557 0.2996491 0.5920560 -0.0264285 0.9776923 0.2078644 0.0145495
1547770048.237561 -1.3484483 0.3441046 0.5944306 -0.0231912 0.9775994 0.2089680 -0.0096918
1547770048.587042 -1.3746542 0.3372623 0.6140174 -0.0227499 0.9779395 0.2074033 0.0100356
1547770048.923225 -1.4107401 0.3247300 0.6124720 -0.0217833 0.9774582 0.2099073 0.0063058
1547770049.669285 -1.5612173 0.3117247 0.6133752 -0.0163080 0.9777058 0.2063919 0.0350383
1547770049.985875 -1.5981231 0.3039370 0.6159071 -0.0194516 0.9777821 0.2083106 0.0130607
1547770050.620639 -1.6720971 0.3103069 0.6245694 -0.0218724 0.9777316 0.2084146 -0.0112222
1547770050.928039 -1.7346562 0.3145962 0.6179029 -0.0206379 0.9782202 0.2063303 0.0093323
1547770051.198267 -1.7270323 0.3284065 0.5945541 -0.0244248 0.9789003 0.2026693 0.0091019
1547770051.560205 -1.7078531 0.3537622 0.5546662 -0.0317646 0.9782593 0.1968655 0.0569529
1547770051.878756 -1.6853778 0.3508492 0.5545564 -0.0366992 0.9791930 0.1971298 0.0312118
1547770053.500340 -1.7750632 0.3519791 0.6014280 -0.0357078 0.9660231 0.1851531 -0.1767557
1547770054.273597 -1.8266155 0.3131448 0.6674259 -0.0386088 0.9566371 0.1951874 -0.2127362
1547770054.437160 -1.8466194 0.3027813 0.6867447 -0.0376915 0.9569893 0.1983248 -0.2083703
1547770054.621196 -1.9163778 0.2936967 0.7165279 -0.0352124 0.9578906 0.1998895 -0.2031009
1547770054.881505 -1.9724936 0.2709980 0.7476066 -0.0363797 0.9613336 0.2039855 -0.1813949
1547770055.135014 -2.0271595 0.2533300 0.7789841 -0.0376735 0.9597160 0.2049913 -0.1884267
1547770055.271198 -2.0664132 0.2440465 0.7926288 -0.0369537 0.9585415 0.2059777 -0.1934061
1547770055.453216 -2.1236446 0.2367904 0.8101174 -0.0365834 0.9577054 0.2070901 -0.1964072
1547770055.769377 -2.2022173 0.2316759 0.8408877 -0.0377971 0.9586102 0.2065814 -0.1922550
1547770055.953346 -2.2360179 0.2276305 0.8502871 -0.0396478 0.9568436 0.2065231 -0.2005657
1547770056.142021 -2.2762430 0.2198188 0.8594077 -0.0398326 0.9575769 0.2067504 -0.1967590
1547770056.340247 -2.3124537 0.2108471 0.8689614 -0.0400144 0.9572281 0.2072301 -0.1979111
1547770056.606878 -2.3532264 0.2067722 0.8800852 -0.0404881 0.9565924 0.2062150 -0.2019087
1547770056.813078 -2.3719721 0.2005878 0.8844557 -0.0411369 0.9552457 0.2064078 -0.2078681
1547770058.426979 -2.3975790 0.1939331 0.8794498 -0.0423455 0.9573876 0.2080450 -0.1957884
