1547769360.689404 -0.5732657 0.4299192 0.5217897 -0.0195967 0.9773207 0.2019050 -0.0607837
1547769361.125995 -0.5812677 0.4212911 0.5428008 -0.0175213 0.9774357 0.2021843 -0.0586001
1547769361.561283 -0.6015573 0.4231194 0.5531046 -0.0164716 0.9776585 0.2027766 -0.0528616
1547769361.995776 -0.6263962 0.4182457 0.5668304 -0.0172611 0.9784447 0.2032890 -0.0319620
1547769362.551558 -0.6872289 0.4085130 0.5742662 -0.0156378 0.9782081 0.2028351 -0.0415000
1547769362.808223 -0.7271425 0.4010587 0.5769520 -0.0157989 0.9780521 0.2016218 -0.0501301
1547769363.262573 -0.7724614 0.3887789 0.5704806 -0.0174837 0.9770051 0.2034197 -0.0614477
1547769363.491990 -0.7997625 0.3897744 0.5643792 -0.0166290 0.9769424 0.2030764 -0.0637739
1547769364.293550 -0.9665042 0.3948195 0.5838351 -0.0163968 0.9790872 0.1996939 -0.0352372
1547769364.881136 -1.0732647 0.3606951 0.5964863 -0.0175607 0.9777685 0.2035484 -0.0472067
1547769365.441293 -1.1933098 0.3474213 0.6210425 -0.0157100 0.9778849 0.2016278 -0.0532972
1547769366.115926 -1.3276577 0.3374944 0.6141334 -0.0171987 0.9791923 0.2021991 -0.0015129
1547769366.731448 -1.3620522 0.3369123 0.6101619 -0.0220158 0.9790152 0.2022662 0.0115255
1547769367.678622 -1.4710512 0.3466147 0.6396155 -0.0191269 0.9782401 0.2061535 0.0134590
1547769367.975494 -1.5091254 0.3343591 0.6262939 -0.0169458 0.9776242 0.2080787 0.0258277
1547769368.299088 -1.6019665 0.3341299 0.6353833 -0.0122651 0.9777409 0.2063766 0.0357889
1547769369.731983 -1.7931302 0.3473558 0.6326620 -0.0184030 0.9796160 0.2000340 -0.0004328
1547769370.349855 -1.8361175 0.3613774 0.5947597 -0.0243607 0.9787197 0.1960154 0.0556092
1547769370.648062 -1.9399655 0.3158528 0.5960598 -0.0220505 0.9733299 0.2043204 0.1019597
1547769370.951735 -1.9724408 0.3130243 0.5938156 -0.0222961 0.9762961 0.2040134 0.0687554
1547769371.263699 -2.0334368 0.3236736 0.5849164 -0.0202837 0.9779854 0.2018567 0.0488573
1547769371.613015 -2.1279390 0.3299030 0.5826297 -0.0161585 0.9786033 0.2014275 0.0387489
1547769371.914802 -2.1914783 0.3327903 0.6051794 -0.0163456 0.9801795 0.1966740 -0.0173271
1547769372.607890 -2.3001370 0.3173953 0.6540160 -0.0185508 0.9795691 0.1976365 -0.0322500
1547769372.875248 -2.3457956 0.3212752 0.6669387 -0.0191864 0.9783732 0.1990665 -0.0528235
1547769373.106157 -2.3913999 0.3153156 0.6756105 -0.0187729 0.9771760 0.1992475 -0.0712398
1547769373.282206 -2.4269261 0.3114572 0.6805196 -0.0179359 0.9770984 0.2011500 -0.0670503
1547769373.681659 -2.5392554 0.3162526 0.6922371 -0.0162700 0.9785485 0.2001124 -0.0461859
1547769374.021457 -2.6240585 0.3047833 0.7097671 -0.0179640 0.9783810 0.2007591 -0.0463008
1547769374.181261 -2.6740341 0.3035914 0.7095336 -0.0173584 0.9780858 0.2014650 -0.0495848
1547769374.344146 -2.7113059 0.3026407 0.7120912 -0.0192093 0.9773877 0.2028169 -0.0566542
1547769374.510450 -2.7531197 0.3046982 0.7150818 -0.0191218 0.9776013 0.2023343 -0.0546888
1547769374.709550 -2.7975168 0.3049575 0.7177224 -0.0204942 0.9775106 0.2016493 -0.0582277
1547769375.296186 -2.8980327 0.2953434 0.7149042 -0.0209513 0.9768845 0.2024417 -0.0653834
1547769375.504587 -2.9269180 0.2994370 0.7128801 -0.0223494 0.9772258 0.2004277 -0.0660221
1547769375.790314 -2.9510925 0.2987960 0.7109309 -0.0222276 0.9771578 0.2001698 -0.0678276
1547769375.995497 -2.9659789 0.2889142 0.7056601 -0.0219350 0.9778908 0.2018874 -0.0498980
1547769377.313249 -2.9622126 0.2894391 0.7016293 -0.0227325 0.9771445 0.2024392 -0.0607477
