1547770042.311957 0 0.4014885 0 -0.0214756 0.9765509 0.2066904 -0.0562683
1547770042.506650 -0.00726462016224 0.4009880 0.00244582868335 -0.0211877 0.9765024 0.2077014 -0.0534261
1547770043.306799 -0.0617518913319 0.3936859 0.0117565488495 -0.0207789 0.9773554 0.2072797 -0.0371441
1547770043.592768 -0.0930154945279 0.3873453 0.00985915101723 -0.0201973 0.9773234 0.2073117 -0.0381159
1547770044.143774 -0.164685085538 0.3690756 -0.000931926023681 -0.0207334 0.9766371 0.2058770 -0.0580061
1547770044.413335 -0.181754273462 0.3697668 -0.01264699669 -0.0217375 0.9761147 0.2070874 -0.0619860
1547770044.644825 -0.208356523076 0.3668180 -0.01995735299 -0.0200333 0.9762058 0.2066794 -0.0624853
1547770045.760189 -0.415881555841 0.3509063 -0.0270121872701 -0.0202207 0.9778920 0.2043036 -0.0397274
1547770046.688587 -0.599566710439 0.3275318 -0.0548498065715 -0.0195496 0.9765071 0.2064975 -0.0583987
1547770047.933913 -0.729253014554 0.2996491 -0.0772656729476 -0.0264285 0.9776923 0.2078644 0.0145495
1547770048.237561 -0.777048563957 0.3441046 -0.0838801175296 -0.0231912 0.9775994 0.2089680 -0.0096918
1547770048.587042 -0.806435431504 0.3372623 -0.0694994379624 -0.0227499 0.9779395 0.2074033 0.0100356
1547770048.923225 -0.841606969432 0.3247300 -0.0777179146943 -0.0217833 0.9774582 0.2099073 0.0063058
1547770049.669285 -0.989635485827 0.3117247 -0.104769011233 -0.0163080 0.9777058 0.2063919 0.0350383
1547770049.985875 -1.02636968648 0.3039370 -0.109133308868 -0.0194516 0.9777821 0.2083106 0.0130607
1547770050.620639 -1.10066578541 0.3103069 -0.114356124247 -0.0218724 0.9777316 0.2084146 -0.0112222
1547770050.928039 -1.16089941112 0.3145962 -0.132521848813 -0.0206379 0.9782202 0.2063303 0.0093323
1547770051.198267 -1.14907297675 0.3284065 -0.154049174768 -0.0244248 0.9789003 0.2026693 0.0091019
1547770051.560205 -1.12282139802 0.3537622 -0.189682598586 -0.0317646 0.9782593 0.1968655 0.0569529
1547770051.878756 -1.10071649443 0.3508492 -0.18561757659 -0.0366992 0.9791930 0.1971298 0.0312118
1547770053.500340 -1.19754500747 0.3519791 -0.156212527303 -0.0357078 0.9660231 0.1851531 -0.1767557
1547770054.273597 -1.26045456385 0.3131448 -0.100933687274 -0.0386088 0.9566371 0.1951874 -0.2127362
1547770054.437160 -1.28369750818 0.3027813 -0.0856648435881 -0.0376915 0.9569893 0.1983248 -0.2083703
1547770054.621196 -1.35777275063 0.2936967 -0.0693512961688 -0.0352124 0.9578906 0.1998895 -0.2031009
1547770054.881505 -1.41868313084 0.2709980 -0.0492317985045 -0.0363797 0.9613336 0.2039855 -0.1813949
1547770055.135014 -1.47822429794 0.2533300 -0.028549498111 -0.0376735 0.9597160 0.2049913 -0.1884267
1547770055.271198 -1.51932885114 0.2440465 -0.0224301429063 -0.0369537 0.9585415 0.2059777 -0.1934061
1547770055.453216 -1.57881220631 0.2367904 -0.0158715810845 -0.0365834 0.9577054 0.2070901 -0.1964072
1547770055.769377 -1.66173176424 0.2316759 -0.000224617821679 -0.0377971 0.9586102 0.2065814 -0.1922550
1547770055.953346 -1.69668982112 0.2276305 0.00273570989815 -0.0396478 0.9568436 0.2065231 -0.2005657
1547770056.142021 -1.73790891005 0.2198188 0.00422926999976 -0.0398326 0.9575769 0.2067504 -0.1967590
1547770056.340247 -1.77526381039 0.2108471 0.00689373976436 -0.0400144 0.9572281 0.2072301 -0.1979111
1547770056.606878 -1.81739290546 0.2067722 0.0102539987814 -0.0404881 0.9565924 0.2062150 -0.2019087
1547770056.813078 -1.8366241261 0.2005878 0.0110680573367 -0.0411369 0.9552457 0.2064078 -0.2078681
1547770058.426979 -1.86085636521 0.1939331 0.00139484948494 -0.0423455 0.9573876 0.2080450 -0.1957884
