1547770589.247037 0 0.3193506 0 -0.0150074 0.9739746 0.2258901 0.0110453
1547770589.532778 -0.0133596171903 0.3164628 0.00589919780797 -0.0150308 0.9739642 0.2248841 0.0243933
1547770589.819091 -0.0415043599696 0.3135321 0.00620894632099 -0.0139317 0.9739867 0.2252738 0.0201853
1547770590.097344 -0.0699057925084 0.3094890 0.00540279728166 -0.0136988 0.9742323 0.2247019 0.0138864
1547770590.431031 -0.109483100373 0.2998919 0.00379000631761 -0.0139627 0.9741526 0.2254577 0.0008327
1547770592.217371 -0.354073790409 0.2917809 -0.0031183962974 -0.0138193 0.9747813 0.2226729 0.0052129
1547770594.263506 -0.58122356578 0.2667410 -0.0137728519199 -0.0194183 0.9719751 0.2233248 0.0708052
1547770594.489146 -0.611617897577 0.2988734 -0.0120970228459 -0.0164993 0.9732791 0.2230468 0.0520160
1547770595.188598 -0.661694203124 0.2913286 0.00198747559984 -0.0160559 0.9723124 0.2245833 0.0625549
1547770595.542378 -0.705503481279 0.2807517 -0.0114927392652 -0.0142117 0.9712098 0.2270963 0.0705461
1547770595.916091 -0.779947972426 0.2767429 -0.00721230004855 -0.0102543 0.9710610 0.2257026 0.0774189
1547770596.323883 -0.811856223731 0.2749082 -0.00981736337888 -0.0147109 0.9719380 0.2256701 0.0647553
1547770597.472867 -0.917491924354 0.2951521 -0.02792520112 -0.0212678 0.9723455 0.2214705 0.0710123
1547770597.813716 -0.971630495645 0.2901161 -0.0384369915587 -0.0169504 0.9676907 0.2192725 0.1233166
1547770598.180620 -0.986394061369 0.2890701 -0.0541893934139 -0.0213907 0.9669340 0.2189499 0.1290036
1547770598.539347 -1.0236341834 0.2862603 -0.0553461124211 -0.0206165 0.9713728 0.2189522 0.0898315
1547770599.276955 -1.16221569398 0.2822830 -0.0524050186303 -0.0165457 0.9740922 0.2219761 0.0399652
1547770600.784097 -1.39397643377 0.2584418 0.00220424878894 -0.0179148 0.9730795 0.2292993 -0.0147372
1547770601.076138 -1.46262000552 0.2666979 0.00557135092313 -0.0159981 0.9736449 0.2274519 -0.0050433
1547770601.245063 -1.49648804719 0.2638319 0.0135411566593 -0.0164275 0.9739006 0.2262578 0.0074236
1547770601.513409 -1.55487395112 0.2558314 0.0199234292327 -0.0172751 0.9734800 0.2281065 0.0023603
1547770601.906051 -1.63852902664 0.2583516 0.0179254477839 -0.0179461 0.9733246 0.2286930 -0.0040834
1547770602.260160 -1.70301272831 0.2596534 0.0171990090986 -0.0195603 0.9732556 0.2286387 -0.0107344
1547770602.437789 -1.72353212625 0.2570283 0.0153783225657 -0.0208581 0.9731404 0.2290943 -0.0088624
1547770602.811871 -1.77532627013 0.2544950 0.0116351989235 -0.0209723 0.9731125 0.2288905 -0.0148781
1547770603.266706 -1.8113232188 0.2553595 0.00554901794216 -0.0208976 0.9732147 0.2286482 -0.0116762
1547770603.497043 -1.82290717685 0.2500240 -0.000312318978316 -0.0214796 0.9732127 0.2288966 -0.0014235
1547770604.761816 -1.81893581566 0.2516945 -0.00159903340516 -0.0225269 0.9731409 0.2289780 -0.0076454
