1547770804.861338 -0.5761510 0.3606472 0.4949106 -0.0199997 0.9766280 0.2063190 -0.0568344
1547770805.136199 -0.6066455 0.3577646 0.4977860 -0.0188852 0.9767542 0.2058254 -0.0568378
1547770805.480307 -0.6499225 0.3478435 0.5021546 -0.0180872 0.9762885 0.2052684 -0.0663209
1547770807.221478 -0.8908288 0.3230262 0.5321114 -0.0186871 0.9774220 0.2040595 -0.0515440
1547770807.566673 -0.9599040 0.3095439 0.5293225 -0.0195403 0.9763122 0.2067675 -0.0606623
1547770808.886076 -1.1788046 0.2831576 0.5472229 -0.0199844 0.9779686 0.2075111 -0.0108262
1547770809.153836 -1.1924187 0.2882724 0.5441778 -0.0224718 0.9776247 0.2086630 -0.0143100
1547770810.472763 -1.2969416 0.2910179 0.5721217 -0.0199024 0.9773523 0.2103987 -0.0109001
1547770810.869291 -1.3741758 0.2885524 0.5674099 -0.0155041 0.9778141 0.2083408 0.0152759
1547770811.263489 -1.4394528 0.2787360 0.5748827 -0.0148107 0.9778102 0.2076197 0.0237032
1547770811.694482 -1.4921939 0.2786305 0.5732714 -0.0195172 0.9780346 0.2073124 -0.0094343
1547770813.220660 -1.6843103 0.2468986 0.5613787 -0.0211740 0.9730716 0.2142293 0.0823954
1547770813.576640 -1.7433517 0.2350664 0.5531051 -0.0214073 0.9738525 0.2170779 0.0634839
1547770813.928520 -1.7807225 0.2558900 0.5496771 -0.0197675 0.9770126 0.2100049 0.0308787
1547770814.947970 -1.9781014 0.2481052 0.6068125 -0.0173523 0.9761752 0.2048093 -0.0695272
1547770815.272933 -2.0164487 0.2416748 0.6194249 -0.0195922 0.9767140 0.2079542 -0.0490008
1547770815.525358 -2.0538857 0.2509098 0.6321627 -0.0209930 0.9757062 0.2071671 -0.0681064
1547770816.417152 -2.2444046 0.2385135 0.6682547 -0.0182876 0.9761126 0.2089402 -0.0566905
1547770816.744282 -2.3264573 0.2275463 0.6824965 -0.0181327 0.9753872 0.2099821 -0.0647958
1547770816.998379 -2.3834779 0.2285191 0.6835076 -0.0188806 0.9750729 0.2104130 -0.0678443
1547770817.168310 -2.4205389 0.2301586 0.6890177 -0.0193648 0.9752739 0.2098071 -0.0666845
1547770817.398652 -2.4676688 0.2273048 0.6938570 -0.0207421 0.9749131 0.2103558 -0.0697470
1547770817.606683 -2.5016198 0.2255470 0.6925570 -0.0212950 0.9746221 0.2110119 -0.0716396
1547770818.011214 -2.5667336 0.2190173 0.6929965 -0.0220061 0.9740950 0.2107375 -0.0790209
1547770818.241426 -2.5849013 0.2174278 0.6925886 -0.0234773 0.9740959 0.2110692 -0.0776896
1547770818.463520 -2.6033299 0.2168448 0.6917919 -0.0228983 0.9739906 0.2107926 -0.0799034
1547770818.687102 -2.6209953 0.2101074 0.6845708 -0.0232032 0.9749048 0.2115612 -0.0652993
