1547770209.085132 0 0.3880113 0 -0.0191154 0.9784535 0.2020929 -0.0377076
1547770209.375794 -0.0140053591362 0.3857702 0.0041063156961 -0.0195113 0.9787372 0.2021680 -0.0286510
1547770209.613356 -0.0328085745705 0.3813453 0.0083001971563 -0.0197115 0.9787593 0.2020216 -0.0287916
1547770209.855203 -0.0576634189131 0.3787282 0.00873240914596 -0.0184539 0.9787930 0.2019791 -0.0287784
1547770211.314196 -0.224680219686 0.3651801 -0.0124385412683 -0.0154130 0.9781184 0.2003106 -0.0540600
1547770211.926788 -0.330726355826 0.3488710 0.00836915809155 -0.0180686 0.9790977 0.2010867 -0.0246043
1547770212.538551 -0.432950466829 0.3331664 0.0021194541328 -0.0180318 0.9786933 0.2011043 -0.0373005
1547770214.541147 -0.686448592194 0.3424898 -0.00306050356663 -0.0204871 0.9789755 0.2029248 0.0029625
1547770214.908957 -0.711012766639 0.3284077 0.0133013378054 -0.0202109 0.9783243 0.2048384 0.0226799
1547770216.005263 -0.873885310536 0.3106282 -0.00122176812819 -0.0138279 0.9777288 0.2028973 0.0518443
1547770217.242580 -1.00339333655 0.3333080 -0.0218673196953 -0.0205638 0.9798343 0.1984221 0.0114303
1547770217.656103 -1.08489979461 0.3116496 -0.0344695333911 -0.0205181 0.9764054 0.2023374 0.0726015
1547770218.011402 -1.11045437085 0.2971249 -0.0488507389855 -0.0229037 0.9723364 0.2046423 0.1102673
1547770218.660248 -1.19273677258 0.2965200 -0.0595981005334 -0.0198979 0.9768298 0.2036567 0.0627015
1547770219.349488 -1.27966732754 0.2994986 -0.049543388399 -0.0169516 0.9789847 0.2015670 -0.0259305
1547770220.294407 -1.42843243822 0.2884198 -0.00279091471615 -0.0185602 0.9772138 0.2044571 -0.0539075
1547770220.576696 -1.48191828449 0.2800198 0.00400618059723 -0.0177248 0.9758244 0.2051746 -0.0731849
1547770220.804704 -1.53618987818 0.2827292 0.0120514100545 -0.0148388 0.9762482 0.2060551 -0.0652728
1547770221.144483 -1.61368750024 0.2721973 0.0164508685024 -0.0151847 0.9768644 0.2089434 -0.0429887
1547770221.386488 -1.66417021483 0.2643448 0.0245010032225 -0.0160693 0.9766188 0.2095522 -0.0452249
1547770221.558667 -1.7158309041 0.2618591 0.0242734214418 -0.0156062 0.9762657 0.2099383 -0.0508686
1547770221.727095 -1.75478273531 0.2626319 0.0232366354863 -0.0157572 0.9760218 0.2104826 -0.0531995
1547770221.892322 -1.79421489681 0.2670798 0.0254696586484 -0.0158832 0.9764624 0.2089596 -0.0510364
1547770222.068527 -1.82826746981 0.2657548 0.0254778479047 -0.0163159 0.9763687 0.2093023 -0.0512886
1547770222.242489 -1.85613900899 0.2650627 0.0231396666197 -0.0172407 0.9758127 0.2095017 -0.0600112
1547770222.799619 -1.94133996864 0.2575796 0.0158240947632 -0.0171969 0.9754804 0.2099855 -0.0636269
1547770223.215470 -1.97142861239 0.2578572 0.0121131062253 -0.0192568 0.9755374 0.2091479 -0.0649080
1547770223.449936 -1.98635362387 0.2502597 0.00534467487426 -0.0194997 0.9761394 0.2101910 -0.0509056
1547770224.732261 -1.98211335795 0.2525625 0.00386792244659 -0.0204115 0.9757508 0.2102914 -0.0571952
