1547769540.443630 0 0.3215049 0 -0.0127018 0.9682160 0.2070646 -0.1397165
1547769541.074191 -0.0314094775572 0.3205809 0.0109041447728 -0.0115584 0.9699740 0.2077181 -0.1259759
1547769541.322227 -0.043871204757 0.3142560 0.0176409539222 -0.0115985 0.9715027 0.2084350 -0.1122623
1547769541.561620 -0.0653867406323 0.3118210 0.0172433090435 -0.0110800 0.9709139 0.2077775 -0.1184566
1547769541.848632 -0.0991640038514 0.3033371 0.0171041330517 -0.0103754 0.9702933 0.2078649 -0.1233511
1547769542.103458 -0.134691433745 0.2960047 0.0159729737629 -0.0105728 0.9690505 0.2069225 -0.1342106
1547769542.904691 -0.216774283036 0.2834284 -0.00591418360221 -0.0100114 0.9669138 0.2074666 -0.1481048
1547769543.440890 -0.324223815696 0.2869288 0.00241760975826 -0.0081988 0.9711084 0.2058575 -0.1204319
1547769543.717767 -0.354646004339 0.2688021 0.017071145379 -0.0110670 0.9714248 0.2072078 -0.1152227
1547769544.527010 -0.498001277535 0.2490657 0.00938587782839 -0.0108276 0.9692240 0.2059548 -0.1344255
1547769545.425089 -0.650393292741 0.2313704 -0.00942334218234 -0.0128575 0.9749199 0.2092947 -0.0745757
1547769546.002366 -0.677699967289 0.2309598 -0.0103549230555 -0.0177437 0.9761624 0.2070604 -0.0625947
1547769546.578760 -0.740256056277 0.2553132 0.00529924151407 -0.0147011 0.9746473 0.2101983 -0.0752539
1547769546.918695 -0.774299377858 0.2371097 0.00592042830291 -0.0119166 0.9750894 0.2115884 -0.0654904
1547769547.257680 -0.804448592193 0.2241421 -0.00508125931891 -0.0108099 0.9751359 0.2134781 -0.0584832
1547769547.940922 -0.925377455934 0.2195755 -0.0153254935517 -0.0082352 0.9769958 0.2092934 -0.0400974
1547769548.298556 -0.979962654487 0.2168308 -0.0185616144951 -0.0117281 0.9752430 0.2093086 -0.0703801
1547769548.998351 -1.09816298387 0.2231239 -0.033573635201 -0.0120228 0.9761480 0.2080051 -0.0610277
1547769549.609879 -1.13571117591 0.2196664 -0.0558825973416 -0.0140052 0.9782782 0.2067797 -0.0042124
1547769549.932480 -1.15210220266 0.2203640 -0.0701379602273 -0.0166634 0.9786147 0.2047362 0.0108887
1547769551.941745 -1.38942274912 0.1915703 -0.0295964574075 -0.0150207 0.9664719 0.2059539 -0.1526087
1547769552.375811 -1.46688452408 0.1791454 -0.0133262488377 -0.0147316 0.9606586 0.2081742 -0.1832530
1547769552.588486 -1.51150619995 0.1752718 -0.00652057753699 -0.0130733 0.9614701 0.2103871 -0.1764697
1547769552.891282 -1.58657662769 0.1700085 -0.000930955119705 -0.0121041 0.9635862 0.2111707 -0.1635914
1547769553.230715 -1.66349030465 0.1569857 0.0115716670101 -0.0124195 0.9645855 0.2114745 -0.1571595
1547769553.362144 -1.69740758627 0.1524411 0.0117592651692 -0.0125592 0.9631865 0.2123019 -0.1644444
1547769553.584608 -1.75532766075 0.1490613 0.0111473257685 -0.0115526 0.9625697 0.2135186 -0.1665411
1547769553.897459 -1.81929541433 0.1492774 0.0156191959729 -0.0133694 0.9631048 0.2127093 -0.1643322
1547769554.057635 -1.85030503021 0.1483278 0.0142338604011 -0.0140093 0.9618465 0.2120969 -0.1722500
1547769554.256926 -1.88381049654 0.1443065 0.0111152667917 -0.0143456 0.9624284 0.2124794 -0.1684587
1547769554.459838 -1.91367306098 0.1395820 0.00946257052136 -0.0148968 0.9620548 0.2128254 -0.1701002
1547769554.674257 -1.94223699985 0.1389410 0.007648033312 -0.0152767 0.9612920 0.2121586 -0.1751372
1547769554.935342 -1.96478801198 0.1369557 0.0056728427986 -0.0159013 0.9605387 0.2112821 -0.1802008
1547769555.097581 -1.97371212917 0.1356941 0.00237603810962 -0.0162120 0.9626023 0.2124587 -0.1673176
