1547770804.861338 0 0.3606472 0 -0.0199997 0.9766280 0.2063190 -0.0568344
1547770805.136199 -0.0306296017147 0.3577646 9.97707829392e-05 -0.0188852 0.9767542 0.2058254 -0.0568378
1547770805.480307 -0.0741244283235 0.3478435 0.000528085193514 -0.0180872 0.9762885 0.2052684 -0.0663209
1547770807.221478 -0.3167543161 0.3230262 0.00852763539107 -0.0186871 0.9774220 0.2040595 -0.0515440
1547770807.566673 -0.385292464909 0.3095439 -0.000510250211906 -0.0195403 0.9763122 0.2067675 -0.0606623
1547770808.886076 -0.604914516735 0.2831576 -0.00252304730776 -0.0199844 0.9779686 0.2075111 -0.0108262
1547770809.153836 -0.618196601256 0.2882724 -0.00678949590006 -0.0224718 0.9776247 0.2086630 -0.0143100
1547770810.472763 -0.724821954422 0.2910179 0.0115662180297 -0.0199024 0.9773523 0.2103987 -0.0109001
1547770810.869291 -0.80131124665 0.2885524 -0.000126124905239 -0.0155041 0.9778141 0.2083408 0.0152759
1547770811.263489 -0.866996871684 0.2787360 0.00139969709117 -0.0148107 0.9778102 0.2076197 0.0237032
1547770811.694482 -0.919374874063 0.2786305 -0.00498503341579 -0.0195172 0.9780346 0.2073124 -0.0094343
1547770813.220660 -1.10962273346 0.2468986 -0.0342407928335 -0.0211740 0.9730716 0.2142293 0.0823954
1547770813.576640 -1.16767128487 0.2350664 -0.0478314164144 -0.0214073 0.9738525 0.2170779 0.0634839
1547770813.928520 -1.20457759307 0.2558900 -0.0546323201609 -0.0197675 0.9770126 0.2100049 0.0308787
1547770814.947970 -1.40632248892 0.2481052 -0.0156210256758 -0.0173523 0.9761752 0.2048093 -0.0695272
1547770815.272933 -1.44565506107 0.2416748 -0.00653604802934 -0.0195922 0.9767140 0.2079542 -0.0490008
1547770815.525358 -1.48409244498 0.2509098 0.00275631635849 -0.0209930 0.9757062 0.2071671 -0.0681064
1547770816.417152 -1.67709835622 0.2385135 0.0214325565899 -0.0182876 0.9761126 0.2089402 -0.0566905
1547770816.744282 -1.76010413109 0.2275463 0.0281790951049 -0.0181327 0.9753872 0.2099821 -0.0647958
1547770816.998379 -1.81698169564 0.2285191 0.0240181097179 -0.0188806 0.9750729 0.2104130 -0.0678443
1547770817.168310 -1.85438956191 0.2301586 0.026146598288 -0.0193648 0.9752739 0.2098071 -0.0666845
1547770817.398652 -1.90176409228 0.2273048 0.0266944772168 -0.0207421 0.9749131 0.2103558 -0.0697470
1547770817.606683 -1.93545754114 0.2255470 0.0223227607683 -0.0212950 0.9746221 0.2110119 -0.0716396
1547770818.011214 -2.00034319171 0.2190173 0.016859020261 -0.0220061 0.9740950 0.2107375 -0.0790209
1547770818.241426 -2.01839915167 0.2174278 0.0148062134875 -0.0234773 0.9740959 0.2110692 -0.0776896
1547770818.463520 -2.03667969993 0.2168448 0.0123425608197 -0.0228983 0.9739906 0.2107926 -0.0799034
1547770818.687102 -2.05361792926 0.2101074 0.00355011920666 -0.0232032 0.9749048 0.2115612 -0.0652993
