1547770209.085132 -0.4754638 0.3880113 0.4629307 -0.0191154 0.9784535 0.2020929 -0.0377076
1547770209.375794 -0.4892266 0.3857702 0.4677884 -0.0195113 0.9787372 0.2021680 -0.0286510
1547770209.613356 -0.5077755 0.3813453 0.4729930 -0.0197115 0.9787593 0.2020216 -0.0287916
1547770209.855203 -0.5325706 0.3787282 0.4747687 -0.0184539 0.9787930 0.2019791 -0.0287784
1547770211.314196 -0.7004879 0.3651801 0.4626608 -0.0154130 0.9781184 0.2003106 -0.0540600
1547770211.926788 -0.8052536 0.3488710 0.4891729 -0.0180686 0.9790977 0.2010867 -0.0246043
1547770212.538551 -0.9076661 0.3331664 0.4884605 -0.0180318 0.9786933 0.2011043 -0.0373005
1547770214.541147 -1.1610734 0.3424898 0.4969970 -0.0204871 0.9789755 0.2029248 0.0029625
1547770214.908957 -1.1847168 0.3284077 0.5146633 -0.0202109 0.9783243 0.2048384 0.0226799
1547770216.005263 -1.3481364 0.3106282 0.5089694 -0.0138279 0.9777288 0.2028973 0.0518443
1547770217.242580 -1.4785714 0.3333080 0.4953577 -0.0205638 0.9798343 0.1984221 0.0114303
1547770217.656103 -1.5606401 0.3116496 0.4871817 -0.0205181 0.9764054 0.2023374 0.0726015
1547770218.011402 -1.5869350 0.2971249 0.4742035 -0.0229037 0.9723364 0.2046423 0.1102673
1547770218.660248 -1.6696782 0.2965200 0.4679216 -0.0198979 0.9768298 0.2036567 0.0627015
1547770219.349488 -1.7559378 0.2994986 0.4826627 -0.0169516 0.9789847 0.2015670 -0.0259305
1547770220.294407 -1.9019569 0.2884198 0.5373918 -0.0185602 0.9772138 0.2044571 -0.0539075
1547770220.576696 -1.9549969 0.2800198 0.5470714 -0.0177248 0.9758244 0.2051746 -0.0731849
1547770220.804704 -2.0087540 0.2827292 0.5580398 -0.0148388 0.9762482 0.2060551 -0.0652728
1547770221.144483 -2.0859003 0.2721973 0.5666238 -0.0151847 0.9768644 0.2089434 -0.0429887
1547770221.386488 -2.1358738 0.2643448 0.5773922 -0.0160693 0.9766188 0.2095522 -0.0452249
1547770221.558667 -2.1874712 0.2618591 0.5799587 -0.0156062 0.9762657 0.2099383 -0.0508686
1547770221.727095 -2.2264221 0.2626319 0.5810299 -0.0157572 0.9760218 0.2104826 -0.0531995
1547770221.892322 -2.2656758 0.2670798 0.5853921 -0.0158832 0.9764624 0.2089596 -0.0510364
1547770222.068527 -2.2996781 0.2657548 0.5872418 -0.0163159 0.9763687 0.2093023 -0.0512886
1547770222.242489 -2.3276353 0.2650627 0.5864143 -0.0172407 0.9758127 0.2095017 -0.0600112
1547770222.799619 -2.4131072 0.2575796 0.5837170 -0.0171969 0.9754804 0.2099855 -0.0636269
1547770223.215470 -2.4433525 0.2578572 0.5816386 -0.0192568 0.9755374 0.2091479 -0.0649080
1547770223.449936 -2.4586217 0.2502597 0.5756872 -0.0194997 0.9761394 0.2101910 -0.0509056
1547770224.732261 -2.4544675 0.2525625 0.5739833 -0.0204115 0.9757508 0.2102914 -0.0571952
