1547769540.443630 -0.5059172 0.3215049 0.5988914 -0.0127018 0.9682160 0.2070646 -0.1397165
1547769541.074191 -0.5334992 0.3205809 0.6174572 -0.0115584 0.9699740 0.2077181 -0.1259759
1547769541.322227 -0.5438266 0.3142560 0.6271538 -0.0115985 0.9715027 0.2084350 -0.1122623
1547769541.561620 -0.5647299 0.3118210 0.6322654 -0.0110800 0.9709139 0.2077775 -0.1184566
1547769541.848632 -0.5974221 0.3033371 0.6407591 -0.0103754 0.9702933 0.2078649 -0.1233511
1547769542.103458 -0.6320598 0.2960047 0.6487408 -0.0105728 0.9690505 0.2069225 -0.1342106
1547769542.904691 -0.7170104 0.2834284 0.6485475 -0.0100114 0.9669138 0.2074666 -0.1481048
1547769543.440890 -0.8187668 0.2869288 0.6840504 -0.0081988 0.9711084 0.2058575 -0.1204319
1547769543.717767 -0.8444365 0.2688021 0.7059890 -0.0110670 0.9714248 0.2072078 -0.1152227
1547769544.527010 -0.9849989 0.2490657 0.7351782 -0.0108276 0.9692240 0.2059548 -0.1344255
1547769545.425089 -1.1371398 0.2313704 0.7559209 -0.0128575 0.9749199 0.2092947 -0.0745757
1547769546.002366 -1.1637785 0.2309598 0.7619956 -0.0177437 0.9761624 0.2070604 -0.0625947
1547769546.578760 -1.2202604 0.2553132 0.7931101 -0.0147011 0.9746473 0.2101983 -0.0752539
1547769546.918695 -1.2530156 0.2371097 0.8024069 -0.0119166 0.9750894 0.2115884 -0.0654904
1547769547.257680 -1.2849749 0.2241421 0.7994717 -0.0108099 0.9751359 0.2134781 -0.0584832
1547769547.940922 -1.4045086 0.2195755 0.8204581 -0.0082352 0.9769958 0.2092934 -0.0400974
1547769548.298556 -1.4581095 0.2168308 0.8312729 -0.0117281 0.9752430 0.2093086 -0.0703801
1547769548.998351 -1.5762231 0.2231239 0.8469527 -0.0120228 0.9761480 0.2080051 -0.0610277
1547769549.609879 -1.6182243 0.2196664 0.8349754 -0.0140052 0.9782782 0.2067797 -0.0042124
1547769549.932480 -1.6377130 0.2203640 0.8253800 -0.0166634 0.9786147 0.2047362 0.0108887
1547769551.941745 -1.8568039 0.1915703 0.9251990 -0.0150207 0.9664719 0.2059539 -0.1526087
1547769552.375811 -1.9275396 0.1791454 0.9607167 -0.0147316 0.9606586 0.2081742 -0.1832530
1547769552.588486 -1.9689424 0.1752718 0.9786950 -0.0130733 0.9614701 0.2103871 -0.1764697
1547769552.891282 -2.0400944 0.1700085 1.0032756 -0.0121041 0.9635862 0.2111707 -0.1635914
1547769553.230715 -2.1112626 0.1569857 1.0350107 -0.0124195 0.9645855 0.2114745 -0.1571595
1547769553.362144 -2.1440067 0.1524411 1.0438561 -0.0125592 0.9631865 0.2123019 -0.1644444
1547769553.584608 -2.2001615 0.1490613 1.0580599 -0.0115526 0.9625697 0.2135186 -0.1665411
1547769553.897459 -2.2608647 0.1492774 1.0787237 -0.0133694 0.9631048 0.2127093 -0.1643322
1547769554.057635 -2.2911994 0.1483278 1.0853056 -0.0140093 0.9618465 0.2120969 -0.1722500
1547769554.256926 -2.3243899 0.1443065 1.0908493 -0.0143456 0.9624284 0.2124794 -0.1684587
1547769554.459838 -2.3536839 0.1395820 1.0968797 -0.0148968 0.9620548 0.2128254 -0.1701002
1547769554.674257 -2.3817637 0.1389410 1.1024219 -0.0152767 0.9612920 0.2121586 -0.1751372
1547769554.935342 -2.4040711 0.1369557 1.1062728 -0.0159013 0.9605387 0.2112821 -0.1802008
1547769555.097581 -2.4135413 0.1356941 1.1053650 -0.0162120 0.9626023 0.2124587 -0.1673176
