1544554930.633312 0 1.0526199 0 0.0008222 -0.6865965 -0.1465488 0.7121152
1544554930.925141 0.00254243772138 1.0491582 0.00774385179112 0.0006833 -0.6839492 -0.1451866 0.7149363
1544554933.505417 -0.00615730572567 0.9244331 0.550397108959 -0.0027800 -0.7239680 -0.1549133 0.6722086
1544554933.833965 -0.0112844946098 0.9072940 0.643599641085 -0.0006599 -0.7296436 -0.1562558 0.6657357
1544554934.138058 -0.0134882259186 0.8933955 0.722443893466 0.0008348 -0.7275149 -0.1558840 0.6681479
1544554934.466424 -0.0135455753255 0.8656971 0.801437464401 0.0014998 -0.7265949 -0.1565012 0.6690030
1544554934.804838 -0.0209092333955 0.8521512 0.860759111313 0.0018880 -0.7298799 -0.1593388 0.6647428
1544554935.134147 -0.0378600029435 0.8243963 0.94792373899 -0.0000082 -0.7247814 -0.1567809 0.6709036
1544554935.797099 -0.0488785424292 0.8050513 1.10567908824 0.0004690 -0.7222006 -0.1543650 0.6742385
1544554936.112387 -0.0503684999317 0.7831369 1.19548078193 -0.0007247 -0.7178915 -0.1527363 0.6791929
1544554937.553562 -0.0822932374052 0.7012747 1.4777616112 0.0041629 -0.6814155 -0.1495290 0.7164473
1544554938.023618 -0.079213971298 0.7060080 1.46651979328 0.0053047 -0.6830411 -0.1498322 0.7148266
1544554939.250056 -0.11175833908 0.6789899 1.62804672745 -0.0009980 -0.7079098 -0.1505829 0.6900635
1544554939.666874 -0.120750012388 0.6538746 1.70978129966 -0.0012443 -0.7348892 -0.1572703 0.6596986
1544554940.072475 -0.160608805192 0.6298662 1.73887504147 0.0016603 -0.7628216 -0.1660065 0.6249339
1544554940.479252 -0.199043311469 0.6032929 1.72121557819 0.0029180 -0.7924575 -0.1740323 0.5845643
1544554940.913520 -0.268025930239 0.6263382 1.68056711124 -0.0033452 0.8514363 0.1883950 -0.4894410
1544554941.303296 -0.308310690086 0.6381772 1.67688132014 -0.0033799 0.8971376 0.1920244 -0.3978182
1544554942.132855 -0.39364545041 0.6653726 1.71087353677 -0.0065080 0.9523443 0.1972186 -0.2326002
1544554942.468091 -0.409532849957 0.6806542 1.72389670151 -0.0083762 0.9711130 0.2004643 -0.1291642
1544554942.843616 -0.423547010182 0.6722705 1.73775500138 -0.0113935 0.9785486 0.2012032 -0.0427804
1544554942.946360 -0.434516929139 0.6682050 1.73658673717 -0.0102395 0.9786121 0.2010519 -0.0423282
1544554943.086351 -0.454012861452 0.6587940 1.73988056531 -0.0097955 0.9788887 0.2008618 -0.0365440
1544554943.434836 -0.505764387226 0.6480814 1.73498938686 -0.0069140 0.9777659 0.2014671 -0.0577682
1544554943.848739 -0.583112671811 0.6810123 1.73844897884 -0.0061526 0.9788894 0.2001603 -0.0409092
1544554944.019235 -0.602669420103 0.6767117 1.7301178758 -0.0073129 0.9790457 0.1993892 -0.0407420
1544554944.196320 -0.627818863525 0.6606195 1.72450660629 -0.0076864 0.9792388 0.1993394 -0.0360008
1544554944.466571 -0.676362436343 0.6784534 1.72221390673 -0.0051362 0.9792487 0.1977927 -0.0438595
1544554944.699954 -0.711362195924 0.6921266 1.74543996088 -0.0073284 0.9799104 0.1985624 -0.0171719
1544554945.475307 -0.878801732427 0.6593646 1.74203878456 -0.0050054 0.9799986 0.1989247 0.0025780
1544554945.743597 -0.925091625702 0.6650071 1.75301096429 -0.0076837 0.9801189 0.1980921 0.0082138
1544554945.959072 -0.940977350733 0.6618037 1.74999142119 -0.0105072 0.9796141 0.1987016 0.0276319
1544554946.806400 -1.13720148814 0.6363558 1.72687169875 -0.0060713 0.9790826 0.2001711 0.0359418
1544554947.413580 -1.19555119969 0.6543260 1.71541320097 -0.0126550 0.9788511 0.1999002 0.0415958
1544554947.973002 -1.22304567738 0.6439151 1.72828445341 -0.0104873 0.9790759 0.2009967 0.0300121
1544554948.639735 -1.27728791767 0.6467867 1.67005664601 -0.0107858 0.9786460 0.2014352 0.0394906
1544554948.985397 -1.31414084996 0.6380133 1.69844409489 -0.0095645 0.9775664 0.1990741 0.0681326
1544554949.600358 -1.44353079983 0.6539741 1.69254313563 -0.0044931 0.9782529 0.2017353 0.0479984
1544554950.304944 -1.51990571748 0.6659424 1.71108561057 -0.0061933 0.9798869 0.1989591 0.0140904
1544554950.632792 -1.59198553992 0.6685448 1.70988834792 -0.0038400 0.9788633 0.2003144 0.0410605
1544554951.629039 -1.75145760522 0.6589512 1.69717800018 -0.0043668 0.9793311 0.2018496 0.0121758
1544554951.889845 -1.80128030445 0.6617802 1.70888112617 -0.0024603 0.9794196 0.2013183 0.0142147
1544554952.648060 -1.95643527416 0.6601401 1.71417216006 -0.0050052 0.9786055 0.1986817 0.0532138
1544554952.852545 -1.97818800568 0.6571922 1.72554566424 -0.0073514 0.9780142 0.1974516 0.0666859
1544554953.131168 -2.00677086002 0.6518058 1.72875971365 -0.0098479 0.9787287 0.1985531 0.0506928
1544554953.405347 -2.06717253257 0.6428297 1.7224773302 -0.0055274 0.9788682 0.2028827 0.0250014
1544554953.674962 -2.12870844565 0.6385738 1.7260572394 -0.0041735 0.9785389 0.2015151 0.0428480
1544554953.890063 -2.17411496273 0.6373335 1.73364002287 -0.0035450 0.9787871 0.2004876 0.0420465
1544554954.105002 -2.19801232521 0.6399605 1.72683259522 -0.0052300 0.9789308 0.2007021 0.0372248
1544554954.703786 -2.30149431599 0.6505378 1.71556564786 -0.0044804 0.9787232 0.2017429 0.0371558
1544554954.924663 -2.33520526535 0.6522189 1.71377805651 -0.0056014 0.9779541 0.2001649 0.0592321
1544554955.135458 -2.35261856179 0.6519288 1.71132837329 -0.0075038 0.9784053 0.1998970 0.0520377
1544554955.355165 -2.37880240807 0.6379818 1.70682617501 -0.0074825 0.9789685 0.2012636 0.0325227
1544554955.535552 -2.40943680803 0.6289668 1.69922097502 -0.0051576 0.9787899 0.2023266 0.0317446
1544554955.967122 -2.49668023458 0.6265892 1.6756889424 -0.0039057 0.9777787 0.2019809 0.0560113
1544554956.384808 -2.55591315602 0.6307319 1.68816686925 -0.0056180 0.9794015 0.2004212 0.0239285
1544554956.559330 -2.58938358342 0.6329410 1.70080824977 -0.0050942 0.9796433 0.2000418 0.0160089
1544554956.737202 -2.61945184228 0.6344422 1.70433600584 -0.0053584 0.9794674 0.2009345 0.0154993
1544554956.908073 -2.65550018298 0.6356254 1.69944124639 -0.0046534 0.9790613 0.2022949 0.0222270
1544554957.078209 -2.68778637793 0.6370330 1.6937023621 -0.0055872 0.9789119 0.2021791 0.0287024
1544554957.247115 -2.70744779517 0.6391870 1.69146199875 -0.0049241 0.9782308 0.2014779 0.0494658
1544554957.604870 -2.73263889712 0.6525480 1.69681615236 -0.0090091 0.9686674 0.1979074 0.1497832
1544554957.828576 -2.73286139734 0.6466226 1.6897444462 -0.0132790 0.9579792 0.1954754 0.2094967
1544554957.999629 -2.73343457214 0.6487510 1.68193596642 -0.0126473 0.9541981 0.1951181 0.2264400
1544554958.314231 -2.75962331645 0.6526676 1.68074270096 -0.0118081 0.9396924 0.1903333 0.2839226
1544554958.565125 -2.7772322619 0.6553361 1.67190938557 -0.0113411 0.9187673 0.1856295 0.3482524
1544554958.741345 -2.77644796588 0.6550765 1.66264365753 -0.0135906 0.9012913 0.1812084 0.3932593
1544554958.951860 -2.7827721751 0.6409819 1.64750167449 -0.0147306 0.8753583 0.1757966 0.4501404
1544554959.102833 -2.7981333632 0.6401149 1.63405459195 -0.0134819 0.8675677 0.1737157 0.4657975
1544554959.473470 -2.81238722592 0.6332220 1.63444086632 -0.0131648 0.8416654 0.1668186 0.5134175
1544554959.676633 -2.8160176758 0.6301197 1.62921547588 -0.0130521 0.8149009 0.1609536 0.5566507
1544554960.159800 -2.81915494189 0.6238867 1.61013905816 -0.0122592 0.7705892 0.1518295 0.6188618
1544554960.368711 -2.8235459971 0.6240211 1.58427073866 -0.0116636 0.7704563 0.1519529 0.6190084
1544554960.652421 -2.80803325961 0.6242831 1.56123928283 -0.0116293 0.7661777 0.1506913 0.6246029
1544554961.727975 -2.77368523244 0.6286265 1.43940936269 -0.0094200 0.6989899 0.1337347 0.7024524
1544554962.385226 -2.77356168735 0.6288938 1.37766348984 -0.0083768 0.6748354 0.1285360 0.7266399
1544554962.770175 -2.77081038314 0.6478882 1.25564625425 -0.0042365 0.6779522 0.1315727 0.7232230
1544554963.152869 -2.77522449338 0.6641034 1.17214926503 -0.0044667 0.6890270 0.1327241 0.7124649
1544554963.485829 -2.78272420274 0.6764190 1.12690656606 -0.0060426 0.6716192 0.1276557 0.7297912
1544554963.770274 -2.76750221949 0.6884727 1.08379322818 -0.0069592 0.6571673 0.1254607 0.7431974
1544554967.639860 -2.62975776656 0.7977384 0.4362036807 -0.0010242 0.6431986 0.1227582 0.7557942
1544554968.276017 -2.63929613154 0.8499366 0.322656179257 -0.0020962 0.6826311 0.1284494 0.7193825
1544554968.579796 -2.64340486114 0.8173184 0.218427117039 -0.0012775 0.6845684 0.1294740 0.7173569
1544554968.923803 -2.61849746627 0.7420414 0.125415621918 -0.0017944 0.6940647 0.1325927 0.7075947
1544554969.287488 -2.61520286144 0.6918917 0.0800239357751 -0.0028004 0.6944137 0.1302899 0.7076766
1544554970.670589 -2.57516785345 0.6358384 0.00680455509553 -0.0029124 0.6357191 0.1198971 0.7625467
1544554971.940890 -2.50952311818 0.6201709 0.0132998949445 -0.0029312 0.5550154 0.0984403 0.8259896
1544554975.323388 -2.60378610271 0.6330280 0.0336557361628 0.0003810 0.0647292 -0.0053808 0.9978883
1544554975.566296 -2.608760065 0.6263576 0.0316743006985 -0.0007182 0.0646828 -0.0055724 0.9978901
1544554977.639710 -2.47377589153 0.6439273 0.0148367272377 0.0017368 0.4811843 0.0870115 0.8722887
1544554978.135708 -2.50280719706 0.6301849 0.0437084161754 -0.0003254 0.3520808 0.0580669 0.9341666
1544554979.347883 -2.55115406397 0.6220992 0.0628715909565 -0.0021510 0.2003917 0.0234788 0.9794322
1544554980.377609 -2.56559119866 0.6292230 0.0602825566277 -0.0016220 0.0979290 0.0023323 0.9951894
1544554984.486184 -2.46922955749 0.6658475 0.00382206958064 -0.0034722 -0.0096894 -0.0160148 0.9998188
1544554984.647420 -2.44738783721 0.6712095 0.0148028535147 -0.0054733 -0.0162924 -0.0166656 0.9997134
1544554984.812497 -2.40345513021 0.6787392 0.0256894384444 -0.0052113 -0.0117408 -0.0149382 0.9998059
1544554985.033912 -2.34533887796 0.6771608 0.03257093165 -0.0044290 -0.0075652 -0.0129058 0.9998783
1544554985.497122 -2.22062062653 0.6765943 0.0421691370204 -0.0026036 -0.0008982 -0.0125858 0.9999170
1544554985.989552 -2.15640567265 0.6834763 0.0586310296246 -0.0046449 0.0152735 -0.0127885 0.9997908
1544554987.600130 -1.66386142362 0.7810634 0.0706972825016 -0.0054626 0.0022445 -0.0164275 0.9998477
1544554988.285740 -1.5392681475 0.7880511 0.0575698295219 -0.0023108 0.0003837 -0.0181787 0.9998320
1544554989.011392 -1.41795694285 0.7933888 0.120883276099 -0.0046258 -0.0038746 -0.0196729 0.9997883
1544554990.401616 -1.11979191379 0.8748717 0.054588386074 0.0018274 -0.0117062 -0.0194109 0.9997414
1544554990.777802 -1.08806924102 0.8751319 0.0332974811959 -0.0023517 -0.0096864 -0.0197929 0.9997544
1544554991.132680 -1.02030592526 0.8676783 0.0271162929967 -0.0047116 -0.0279622 -0.0206553 0.9993845
1544554991.502786 -0.950321094199 0.8561995 0.0273851536174 -0.0034256 -0.0301943 -0.0217390 0.9993017
1544554992.328839 -0.79995255528 0.8458921 0.0275298811356 -0.0020624 -0.0278289 -0.0194701 0.9994209
1544554992.762054 -0.687383581464 0.8612897 0.026554490738 -0.0025065 -0.0291204 -0.0181578 0.9994078
1544554993.624441 -0.452568673018 0.8619891 0.0216384038149 -0.0031372 -0.0263737 -0.0195168 0.9994567
1544554994.039135 -0.371322092373 0.8669766 0.0182776572113 -0.0029309 -0.0255490 -0.0204178 0.9994608
1544554994.452124 -0.292477488161 0.8694059 0.0206614496381 -0.0040444 -0.0167433 -0.0191758 0.9996678
1544554994.849740 -0.252796216185 0.8771065 0.0216162701066 -0.0055409 -0.0115543 -0.0191795 0.9997339
1544554995.190752 -0.1859066421 0.8832393 0.0242116402069 -0.0055239 0.0021855 -0.0130980 0.9998966
1544554995.570977 -0.0957654141456 0.9014940 0.0330823527332 -0.0047833 0.0269522 -0.0068197 0.9996020
1544554995.911061 0.00343767739465 0.9052248 0.0520626816722 -0.0047645 0.0194867 -0.0066739 0.9997765
1544554996.245825 0.0683158311349 0.9216999 0.0416436397459 -0.0015577 0.0093762 -0.0111238 0.9998930
