1544554244.315882 0 0.8185859 0 0.0164831 -0.5839154 -0.1326124 0.8007403
1544554244.589596 0.00103718091093 0.8169401 0.00402536066061 0.0166038 -0.5838163 -0.1316696 0.8009657
1544554244.834596 0.0021012141993 0.8108891 0.0151501820867 0.0160027 -0.5882304 -0.1329073 0.7975366
1544554245.547230 0.0118725856089 0.7953334 0.112233949905 0.0131000 -0.6066005 -0.1360822 0.7831640
1544554246.044139 0.0309738067561 0.7711037 0.193549938463 0.0129486 -0.6125093 -0.1370685 0.7783810
1544554247.054616 0.0154773863697 0.7260314 0.360346097285 0.0131269 -0.6192511 -0.1416720 0.7721947
1544554247.323997 0.0168245795639 0.7109264 0.412581362816 0.0129304 -0.6277452 -0.1429406 0.7650731
1544554247.591197 0.0212330164539 0.6999458 0.461238704646 0.0142630 -0.6318935 -0.1441153 0.7614052
1544554248.073447 0.0283119465398 0.6705749 0.546919831815 0.0149436 -0.6339108 -0.1460735 0.7593395
1544554248.353286 0.0204466503744 0.6627167 0.586024322183 0.0155104 -0.6249256 -0.1440865 0.7671157
1544554248.661584 0.0131676407325 0.6499492 0.626634953343 0.0149098 -0.6376647 -0.1484621 0.7557251
1544554248.992143 0.00805909290826 0.6258308 0.695501672054 0.0134541 -0.6292906 -0.1447183 0.7634585
1544554250.534460 0.0119213694262 0.5445350 0.98082094787 0.0134006 -0.6024063 -0.1391467 0.7858533
1544554252.026702 -0.00832997957376 0.5103419 1.03973889698 0.0170262 -0.5774651 -0.1376560 0.8045464
1544554252.409712 -0.0245104379285 0.4922157 1.09196220932 0.0112788 -0.5861021 -0.1352287 0.7987930
1544554252.802100 -0.0261560512179 0.5040432 1.14534113266 0.0121430 -0.6019820 -0.1382568 0.7863557
1544554253.196465 -0.0232854056005 0.4960034 1.2013541954 0.0124972 -0.6277785 -0.1439223 0.7648689
1544554253.592239 -0.0411460179371 0.4706937 1.24776533322 0.0118967 -0.6507933 -0.1511124 0.7439702
1544554253.991893 -0.0662448164536 0.4524108 1.2347935281 0.0152348 -0.6917156 -0.1638257 0.7031775
1544554254.400425 -0.108221772665 0.4531966 1.2194688905 0.0142929 -0.7397978 -0.1773978 0.6488643
1544554254.748849 -0.141813213968 0.4559832 1.19501077689 0.0133243 -0.7964622 -0.1897527 0.5739899
1544554255.739494 -0.224933615971 0.4733490 1.22770392164 -0.0138324 0.9032629 0.2040320 -0.3772212
1544554256.359228 -0.248854860953 0.4822739 1.25341939866 -0.0146234 0.9558191 0.2155756 -0.1993065
1544554256.458186 -0.249792770442 0.4804118 1.2559699988 -0.0145071 0.9607328 0.2161402 -0.1733941
1544554256.591109 -0.259014211419 0.4741835 1.25422541194 -0.0142667 0.9612152 0.2166149 -0.1701171
1544554256.724972 -0.272394856192 0.4654229 1.25868224921 -0.0136047 0.9626713 0.2171280 -0.1610412
1544554256.935192 -0.295484955483 0.4531411 1.2592208461 -0.0117314 0.9603470 0.2156423 -0.1763362
1544554257.096528 -0.316167323715 0.4544189 1.25420470353 -0.0100541 0.9591026 0.2157000 -0.1830156
1544554257.627330 -0.387399038983 0.4734859 1.25604312854 -0.0088047 0.9635117 0.2139385 -0.1606174
1544554258.029308 -0.437541878745 0.4533796 1.24862248555 -0.0079304 0.9629085 0.2156118 -0.1620366
1544554258.227165 -0.460641475087 0.4724037 1.26200179029 -0.0070160 0.9671088 0.2145980 -0.1363780
1544554258.629470 -0.516040428309 0.4594811 1.26306368162 -0.0080280 0.9655929 0.2142590 -0.1471703
1544554259.135694 -0.602655753722 0.4460400 1.26135704263 -0.0060538 0.9697567 0.2143171 -0.1166342
1544554259.558110 -0.644519163315 0.4483961 1.26899169761 -0.0096167 0.9716045 0.2149347 -0.0984644
1544554259.795123 -0.665011060856 0.4408518 1.2574314652 -0.0110031 0.9726494 0.2149080 -0.0874448
1544554260.559647 -0.812380354209 0.4324058 1.24019540339 -0.0058296 0.9720252 0.2142918 -0.0959802
1544554260.839058 -0.832981678176 0.4344459 1.2408872975 -0.0083216 0.9727889 0.2148976 -0.0862068
1544554262.044965 -0.893185761154 0.4287761 1.20837711326 -0.0073040 0.9728754 0.2173785 -0.0787829
1544554262.679451 -0.92466074118 0.4243709 1.21295654092 -0.0075560 0.9755324 0.2145644 -0.0473447
1544554263.592347 -1.03388468807 0.4394728 1.20509682421 -0.0070472 0.9698159 0.2150501 -0.1147207
1544554264.169288 -1.09613234087 0.4364446 1.21866163592 -0.0056014 0.9728022 0.2132116 -0.0903620
1544554264.449904 -1.14346136994 0.4400278 1.21250868438 -0.0038903 0.9738936 0.2147994 -0.0733296
1544554264.682454 -1.16774916036 0.4369474 1.20968782842 -0.0050204 0.9750054 0.2133889 -0.0616802
1544554264.963908 -1.18907904577 0.4312706 1.20639183778 -0.0081268 0.9732767 0.2126577 -0.0862728
1544554265.245178 -1.21980261478 0.4272440 1.20591015456 -0.0066432 0.9710457 0.2141965 -0.1055742
1544554266.086359 -1.33835968622 0.4199482 1.21412645546 -0.0055525 0.9726872 0.2131101 -0.0918305
1544554266.293608 -1.36404104575 0.4181216 1.21766360851 -0.0063363 0.9744208 0.2125951 -0.0725764
1544554266.503450 -1.37693697316 0.4191489 1.22328594776 -0.0091972 0.9758775 0.2106720 -0.0565309
1544554267.179082 -1.45263676038 0.4070439 1.22108725117 -0.0079767 0.9722160 0.2122329 -0.0984357
1544554267.856620 -1.52895298976 0.3993056 1.22248490698 -0.0093696 0.9727886 0.2128204 -0.0911151
1544554268.040487 -1.55229012182 0.4018425 1.21929985386 -0.0090661 0.9721133 0.2133596 -0.0969082
1544554268.373098 -1.59211788901 0.4023951 1.21662817128 -0.0094685 0.9726337 0.2129358 -0.0924788
1544554268.772731 -1.62565269363 0.4002116 1.21502853915 -0.0119258 0.9738986 0.2127688 -0.0781584
1544554268.952307 -1.63435201356 0.3951582 1.21522239229 -0.0132322 0.9729263 0.2126426 -0.0895677
1544554269.177377 -1.65991225738 0.3822896 1.20743203707 -0.0110774 0.9716189 0.2135403 -0.1011659
1544554269.344426 -1.68113406427 0.3799640 1.20364973386 -0.0104036 0.9721462 0.2145343 -0.0938003
1544554270.104798 -1.77242550247 0.3735955 1.20750677088 -0.0104084 0.9712512 0.2119673 -0.1078542
1544554270.277889 -1.79131581535 0.3733639 1.21350829414 -0.0112420 0.9701052 0.2119962 -0.1175890
1544554270.446147 -1.81340732981 0.3740618 1.2154328948 -0.0108441 0.9700038 0.2124457 -0.1176509
1544554270.773920 -1.85859722498 0.3716624 1.20919749443 -0.0102495 0.9710432 0.2147044 -0.1042688
1544554270.910899 -1.86920135686 0.3720502 1.20827355532 -0.0099046 0.9729031 0.2147954 -0.0849964
1544554271.048394 -1.87815775273 0.3746861 1.20967412686 -0.0109829 0.9754487 0.2146005 -0.0482269
1544554271.427801 -1.88553509243 0.3777822 1.21203982869 -0.0139139 0.9746580 0.2140240 0.0635769
1544554271.692675 -1.88861671072 0.3782834 1.20232697574 -0.0151662 0.9720654 0.2138988 0.0954266
1544554271.977436 -1.90653909124 0.3797517 1.20135058527 -0.0140105 0.9653185 0.2106062 0.1536518
1544554272.245065 -1.91905926677 0.3815390 1.19515509454 -0.0129650 0.9528871 0.2071212 0.2212216
1544554272.384442 -1.9192363599 0.3838809 1.18732076488 -0.0140093 0.9460768 0.2054084 0.2500997
1544554272.543332 -1.91991097352 0.3758786 1.18315439458 -0.0130270 0.9263773 0.2019843 0.3175811
1544554272.677326 -1.92575646599 0.3698799 1.17274028551 -0.0119802 0.9199917 0.2006349 0.3364780
1544554272.983413 -1.94036077704 0.3712915 1.17091746118 -0.0118581 0.9052499 0.1947601 0.3774262
1544554273.132335 -1.94200294101 0.3671634 1.16887978364 -0.0115060 0.8999570 0.1931158 0.3907061
1544554273.311336 -1.94512813874 0.3631729 1.16748718179 -0.0106322 0.8800809 0.1891451 0.4353949
1544554273.735527 -1.94962735327 0.3595541 1.15818600232 -0.0087041 0.8433993 0.1810835 0.5057771
1544554274.123077 -1.95045752627 0.3573138 1.12824255233 -0.0080544 0.8451046 0.1817022 0.5027103
1544554274.535236 -1.9299316787 0.3633994 1.11279658272 -0.0076765 0.8251185 0.1773607 0.5363429
1544554274.814187 -1.91995422573 0.3597519 1.08249382346 -0.0061188 0.8115671 0.1737961 0.5577780
1544554275.555912 -1.91515789751 0.3655183 1.02795915048 -0.0049370 0.7772771 0.1628852 0.6076878
1544554275.893861 -1.92065727996 0.3670549 1.01552547725 -0.0043281 0.7678339 0.1597497 0.6203970
1544554276.431964 -1.91982133501 0.3784242 0.918522260761 0.0004661 0.7616858 0.1612092 0.6275716
1544554277.131515 -1.92966064761 0.4009073 0.826560331757 -0.0014466 0.7614450 0.1586289 0.6285192
1544554277.504790 -1.92318684492 0.4103264 0.78919070627 -0.0030463 0.7484730 0.1568942 0.6443315
1544554279.184533 -1.90952735899 0.4723313 0.577973606023 -0.0022307 0.7503154 0.1561284 0.6423751
1544554279.482018 -1.90525381661 0.4701276 0.548996851761 -0.0019709 0.7418088 0.1546437 0.6525344
1544554279.788349 -1.89514852547 0.4703874 0.54396182458 -0.0044499 0.7375489 0.1520670 0.6579342
1544554280.739146 -1.8467793563 0.4718597 0.471952686473 -0.0014607 0.7342640 0.1529702 0.6614034
1544554281.730279 -1.8550500254 0.5284863 0.282795009105 0.0027294 0.7638533 0.1589210 0.6255116
1544554282.013841 -1.86344230765 0.5326692 0.247856364858 0.0008135 0.7711332 0.1608434 0.6160213
1544554282.305193 -1.86334595282 0.5072451 0.165542716668 0.0028125 0.7741582 0.1622371 0.6118416
1544554282.938615 -1.8424934308 0.4262525 0.0777093185342 -0.0005705 0.7806329 0.1611429 0.6038583
1544554283.257576 -1.8286719029 0.3942473 0.0602164980064 -0.0013692 0.8001793 0.1643371 0.5768054
1544554283.619279 -1.82914326602 0.3801225 0.0502515739612 -0.0000428 0.8064140 0.1643284 0.5680605
1544554284.395514 -1.79854608153 0.3854931 0.0209703127548 0.0001588 0.7261395 0.1504212 0.6708910
1544554288.454430 -1.82823379365 0.3829443 0.0485348687595 0.0076559 0.2086820 0.0278725 0.9775563
1544554289.039141 -1.82141905124 0.3840430 0.0386116657243 0.0092314 0.1946551 0.0273332 0.9804474
1544554290.896193 -1.72302188182 0.3950275 0.0103124953027 0.0081991 0.6307259 0.1329203 0.7644932
1544554291.801425 -1.74755184382 0.3902034 0.049293244043 0.0075688 0.4727657 0.0932858 0.8762038
1544554292.990940 -1.78260065033 0.3810766 0.0602809923676 0.0068291 0.3328707 0.0598617 0.9410457
1544554297.673052 -1.77231957768 0.4024639 0.0244725108487 0.0071579 0.1125691 0.0136910 0.9935238
1544554297.939255 -1.7437722403 0.4087953 0.0185810570143 0.0078217 0.1250021 0.0178238 0.9919655
1544554298.110234 -1.72636016302 0.4173375 0.0177552658782 0.0081445 0.1212835 0.0173335 0.9924331
1544554298.457474 -1.68765807501 0.4304652 0.0331207801869 0.0064106 0.1217420 0.0182200 0.9923738
1544554298.681370 -1.64467721483 0.4316448 0.0389665175987 0.0065511 0.1250503 0.0195792 0.9919356
1544554299.282778 -1.5369904062 0.4415089 0.0496148695873 0.0080328 0.1293313 0.0181274 0.9914032
1544554300.853994 -1.24625389548 0.5501234 0.0470680182843 0.0095620 0.1520759 0.0236188 0.9880403
1544554301.938185 -1.08033818767 0.5531160 0.0581640939714 0.0092751 0.1365683 0.0158296 0.9904608
1544554302.265934 -1.03810361712 0.5431587 0.0779938585764 0.0067850 0.1244056 0.0137980 0.9921123
1544554303.985226 -0.79478379762 0.6299156 0.064951239238 0.0140507 0.1240223 0.0138010 0.9920840
1544554304.294070 -0.777242353668 0.6338052 0.0405752489379 0.0105995 0.1375565 0.0160033 0.9903079
1544554304.606187 -0.750706183191 0.6328594 0.0334391792687 0.0074237 0.1219871 0.0143500 0.9924002
1544554304.889142 -0.700456468837 0.6278032 0.0273782198878 0.0055042 0.1133551 0.0151886 0.9934232
1544554305.592443 -0.613852636157 0.6145298 0.0188100895096 0.0062315 0.1104756 0.0142569 0.9937571
1544554305.933778 -0.566022035711 0.6216429 0.0194698194255 0.0072750 0.1108500 0.0148201 0.9937000
1544554306.326400 -0.496892343111 0.6357778 0.0169752544363 0.0079735 0.1093287 0.0158936 0.9938466
1544554307.401459 -0.284825901722 0.6576368 0.00890129774575 0.0075697 0.1106028 0.0147230 0.9937268
1544554307.761016 -0.226989272749 0.6618466 0.0069610999172 0.0069022 0.1112545 0.0141599 0.9936671
1544554308.148114 -0.181908261695 0.6672588 0.0070006897234 0.0057670 0.1182179 0.0144169 0.9928663
1544554308.478559 -0.157017555519 0.6744198 0.0103412355996 0.0052763 0.1218744 0.0147540 0.9924219
1544554308.855879 -0.100817260523 0.6838177 0.00817709608941 0.0051011 0.1354274 0.0211263 0.9905488
1544554309.240920 -0.0371125451714 0.6993505 0.0138776643207 0.0050597 0.1596528 0.0266806 0.9867997
1544554309.539042 0.0256834605442 0.6979579 0.0270627543248 0.0027459 0.1543272 0.0272332 0.9876406
1544554309.856481 0.0740274386892 0.7215459 0.0241652855652 0.0080339 0.1432169 0.0225259 0.9894023
