1544554930.633312 0.1388797 1.0526199 -1.4168462 0.0008222 -0.6865965 -0.1465488 0.7121152
1544554930.925141 0.1409859 1.0491582 -1.4089725 0.0006833 -0.6839492 -0.1451866 0.7149363
1544554933.505417 0.1020080 0.9244331 -0.8676510 -0.0027800 -0.7239680 -0.1549133 0.6722086
1544554933.833965 0.0916861 0.9072940 -0.7748800 -0.0006599 -0.7296436 -0.1562558 0.6657357
1544554934.138058 0.0850846 0.8933955 -0.6962817 0.0008348 -0.7275149 -0.1558840 0.6681479
1544554934.466424 0.0806178 0.8656971 -0.6174145 0.0014998 -0.7265949 -0.1565012 0.6690030
1544554934.804838 0.0699542 0.8521512 -0.5585964 0.0018880 -0.7298799 -0.1593388 0.6647428
1544554935.134147 0.0481642 0.8243963 -0.4725139 -0.0000082 -0.7247814 -0.1567809 0.6709036
1544554935.797099 0.0283567 0.8050513 -0.3156196 0.0004690 -0.7222006 -0.1543650 0.6742385
1544554936.112387 0.0218562 0.7831369 -0.2260411 -0.0007247 -0.7178915 -0.1527363 0.6791929
1544554937.553562 -0.0257761 0.7012747 0.0540175 0.0041629 -0.6814155 -0.1495290 0.7164473
1544554938.023618 -0.0220741 0.7060080 0.0429651 0.0053047 -0.6830411 -0.1498322 0.7148266
1544554939.250056 -0.0635844 0.6789899 0.2024235 -0.0009980 -0.7079098 -0.1505829 0.6900635
1544554939.666874 -0.0771246 0.6538746 0.2835287 -0.0012443 -0.7348892 -0.1572703 0.6596986
1544554940.072475 -0.1185453 0.6298662 0.3103521 0.0016603 -0.7628216 -0.1660065 0.6249339
1544554940.479252 -0.1559341 0.6032929 0.2905747 0.0029180 -0.7924575 -0.1740323 0.5845643
1544554940.913520 -0.2225401 0.6263382 0.2461389 -0.0033452 0.8514363 0.1883950 -0.4894410
1544554941.303296 -0.2625563 0.6381772 0.2402101 -0.0033799 0.8971376 0.1920244 -0.3978182
1544554942.132855 -0.3496555 0.6653726 0.2693858 -0.0065080 0.9523443 0.1972186 -0.2326002
1544554942.468091 -0.3662451 0.6806542 0.2815018 -0.0083762 0.9711130 0.2004643 -0.1291642
1544554942.843616 -0.3810110 0.6722705 0.2945562 -0.0113935 0.9785486 0.2012032 -0.0427804
1544554942.946360 -0.3918986 0.6682050 0.2927774 -0.0102395 0.9786121 0.2010519 -0.0423282
1544554943.086351 -0.4115480 0.6587940 0.2949778 -0.0097955 0.9788887 0.2008618 -0.0365440
1544554943.434836 -0.4629458 0.6480814 0.2872054 -0.0069140 0.9777659 0.2014671 -0.0577682
1544554943.848739 -0.5403666 0.6810123 0.2863419 -0.0061526 0.9788894 0.2001603 -0.0409092
1544554944.019235 -0.5594278 0.6767117 0.2769321 -0.0073129 0.9790457 0.1993892 -0.0407420
1544554944.196320 -0.5842248 0.6606195 0.2699257 -0.0076864 0.9792388 0.1993394 -0.0360008
1544554944.466571 -0.6325647 0.6784534 0.2649268 -0.0051362 0.9792487 0.1977927 -0.0438595
1544554944.699954 -0.6688064 0.6921266 0.2861629 -0.0073284 0.9799104 0.1985624 -0.0171719
1544554945.475307 -0.8357950 0.6593646 0.2734203 -0.0050054 0.9799986 0.1989247 0.0025780
1544554945.743597 -0.8826252 0.6650071 0.2817914 -0.0076837 0.9801189 0.1980921 0.0082138
1544554945.959072 -0.8983176 0.6618037 0.2778898 -0.0105072 0.9796141 0.1987016 0.0276319
1544554946.806400 -1.0929452 0.6363558 0.2438526 -0.0060713 0.9790826 0.2001711 0.0359418
1544554947.413580 -1.1505643 0.6543260 0.2291548 -0.0126550 0.9788511 0.1999002 0.0415958
1544554947.973002 -1.1787344 0.6439151 0.2404712 -0.0104873 0.9790759 0.2009967 0.0300121
1544554948.639735 -1.2296417 0.6467867 0.1793063 -0.0107858 0.9786460 0.2014352 0.0394906
1544554948.985397 -1.2680218 0.6380133 0.2055923 -0.0095645 0.9775664 0.1990741 0.0681326
1544554949.600358 -1.3968806 0.6539741 0.1924778 -0.0044931 0.9782529 0.2017353 0.0479984
1544554950.304944 -1.4741715 0.6659424 0.2067280 -0.0061933 0.9798869 0.1989591 0.0140904
1544554950.632792 -1.5460721 0.6685448 0.2015090 -0.0038400 0.9788633 0.2003144 0.0410605
1544554951.629039 -1.7045860 0.6589512 0.1799165 -0.0043668 0.9793311 0.2018496 0.0121758
1544554951.889845 -1.7549843 0.6617802 0.1888202 -0.0024603 0.9794196 0.2013183 0.0142147
1544554952.648060 -1.9101927 0.6601401 0.1854420 -0.0050052 0.9786055 0.1986817 0.0532138
1544554952.852545 -1.9325464 0.6571922 0.1955835 -0.0073514 0.9780142 0.1974516 0.0666859
1544554953.131168 -1.9612641 0.6518058 0.1971970 -0.0098479 0.9787287 0.1985531 0.0506928
1544554953.405347 -2.0212209 0.6428297 0.1875527 -0.0055274 0.9788682 0.2028827 0.0250014
1544554953.674962 -2.0828607 0.6385738 0.1876920 -0.0041735 0.9785389 0.2015151 0.0428480
1544554953.890063 -2.1286197 0.6373335 0.1927283 -0.0035450 0.9787871 0.2004876 0.0420465
1544554954.105002 -2.1520998 0.6399605 0.1845975 -0.0052300 0.9789308 0.2007021 0.0372248
1544554954.703786 -2.2547915 0.6505378 0.1675716 -0.0044804 0.9787232 0.2017429 0.0371558
1544554954.924663 -2.2883501 0.6522189 0.1639050 -0.0056014 0.9779541 0.2001649 0.0592321
1544554955.135458 -2.3055995 0.6519288 0.1604871 -0.0075038 0.9784053 0.1998970 0.0520377
1544554955.355165 -2.3314912 0.6379818 0.1545303 -0.0074825 0.9789685 0.2012636 0.0325227
1544554955.535552 -2.3616533 0.6289668 0.1452269 -0.0051576 0.9787899 0.2023266 0.0317446
1544554955.967122 -2.4474471 0.6265892 0.1168615 -0.0039057 0.9777787 0.2019809 0.0560113
1544554956.384808 -2.5072842 0.6307319 0.1260135 -0.0056180 0.9794015 0.2004212 0.0239285
1544554956.559330 -2.5414081 0.6329410 0.1367668 -0.0050942 0.9796433 0.2000418 0.0160089
1544554956.737202 -2.5716264 0.6344422 0.1386106 -0.0053584 0.9794674 0.2009345 0.0154993
1544554956.908073 -2.6073453 0.6356254 0.1317112 -0.0046534 0.9790613 0.2022949 0.0222270
1544554957.078209 -2.6392608 0.6370330 0.1241790 -0.0055872 0.9789119 0.2021791 0.0287024
1544554957.247115 -2.6587665 0.6391870 0.1208446 -0.0049241 0.9782308 0.2014779 0.0494658
1544554957.604870 -2.6842172 0.6525480 0.1247842 -0.0090091 0.9686674 0.1979074 0.1497832
1544554957.828576 -2.6840446 0.6466226 0.1177111 -0.0132790 0.9579792 0.1954754 0.2094967
1544554957.999629 -2.6841810 0.6487510 0.1098828 -0.0126473 0.9541981 0.1951181 0.2264400
1544554958.314231 -2.7102623 0.6526676 0.1072295 -0.0118081 0.9396924 0.1903333 0.2839226
1544554958.565125 -2.7273507 0.6553361 0.0974270 -0.0113411 0.9187673 0.1856295 0.3482524
1544554958.741345 -2.7260504 0.6550765 0.0882195 -0.0135906 0.9012913 0.1812084 0.3932593
1544554958.951860 -2.7315195 0.6409819 0.0727481 -0.0147306 0.8753583 0.1757966 0.4501404
1544554959.102833 -2.7461061 0.6401149 0.0584645 -0.0134819 0.8675677 0.1737157 0.4657975
1544554959.473470 -2.7603593 0.6332220 0.0580545 -0.0131648 0.8416654 0.1668186 0.5134175
1544554959.676633 -2.7636924 0.6301197 0.0526346 -0.0130521 0.8149009 0.1609536 0.5566507
1544554960.159800 -2.7657599 0.6238867 0.0334128 -0.0122592 0.7705892 0.1518295 0.6188618
1544554960.368711 -2.7687001 0.6240211 0.0073397 -0.0116636 0.7704563 0.1519529 0.6190084
1544554960.652421 -2.7519259 0.6242831 -0.0147899 -0.0116293 0.7661777 0.1506913 0.6246029
1544554961.727975 -2.7108307 0.6286265 -0.1345125 -0.0094200 0.6989899 0.1337347 0.7024524
1544554962.385226 -2.7072606 0.6288938 -0.1961552 -0.0083768 0.6748354 0.1285360 0.7266399
1544554962.770175 -2.6977024 0.6478882 -0.3178286 -0.0042365 0.6779522 0.1315727 0.7232230
1544554963.152869 -2.6974487 0.6641034 -0.4014418 -0.0044667 0.6890270 0.1327241 0.7124649
1544554963.485829 -2.7024112 0.6764190 -0.4470326 -0.0060426 0.6716192 0.1276557 0.7297912
1544554963.770274 -2.6848063 0.6884727 -0.4892290 -0.0069592 0.6571673 0.1254607 0.7431974
1544554967.639860 -2.5111272 0.7977384 -1.1281197 -0.0010242 0.6431986 0.1227582 0.7557942
1544554968.276017 -2.5143123 0.8499366 -1.2420226 -0.0020962 0.6826311 0.1284494 0.7193825
1544554968.579796 -2.5125964 0.8173184 -1.3463185 -0.0012775 0.6845684 0.1294740 0.7173569
1544554968.923803 -2.4825358 0.7420414 -1.4377946 -0.0017944 0.6940647 0.1325927 0.7075947
1544554969.287488 -2.4767125 0.6918917 -1.4829316 -0.0028004 0.6944137 0.1302899 0.7076766
1544554970.670589 -2.4326527 0.6358384 -1.5538020 -0.0029124 0.6357191 0.1198971 0.7625467
1544554971.940890 -2.3674729 0.6201709 -1.5436524 -0.0029312 0.5550154 0.0984403 0.8259896
1544554975.323388 -2.4627252 0.6330280 -1.5285902 0.0003810 0.0647292 -0.0053808 0.9978883
1544554975.566296 -2.4675808 0.6263576 -1.5308462 -0.0007182 0.0646828 -0.0055724 0.9978901
1544554977.639710 -2.3318672 0.6439273 -1.5401225 0.0017368 0.4811843 0.0870115 0.8722887
1544554978.135708 -2.3624649 0.6301849 -1.5129164 -0.0003254 0.3520808 0.0580669 0.9341666
1544554979.347883 -2.4118061 0.6220992 -1.4964819 -0.0021510 0.2003917 0.0234788 0.9794322
1544554980.377609 -2.4260762 0.6292230 -1.4998728 -0.0016220 0.0979290 0.0023323 0.9951894
1544554984.486184 -2.3267131 0.6658475 -1.5508662 -0.0034722 -0.0096894 -0.0160148 0.9998188
1544554984.647420 -2.3055184 0.6712095 -1.5386833 -0.0054733 -0.0162924 -0.0166656 0.9997134
1544554984.812497 -2.2622619 0.6787392 -1.5253613 -0.0052113 -0.0117408 -0.0149382 0.9998059
1544554985.033912 -2.2046204 0.6771608 -1.5152464 -0.0044290 -0.0075652 -0.0129058 0.9998783
1544554985.497122 -2.0806324 0.6765943 -1.4987012 -0.0026036 -0.0008982 -0.0125858 0.9999170
1544554985.989552 -2.0174365 0.6834763 -1.4786804 -0.0046449 0.0152735 -0.0127885 0.9997908
1544554987.600130 -1.5263338 0.7810634 -1.4391384 -0.0054626 0.0022445 -0.0164275 0.9998477
1544554988.285740 -1.4012020 0.7880511 -1.4452904 -0.0023108 0.0003837 -0.0181787 0.9998320
1544554989.011392 -1.2836142 0.7933888 -1.3753039 -0.0046258 -0.0038746 -0.0196729 0.9997883
1544554990.401616 -0.9822134 0.8748717 -1.4248514 0.0018274 -0.0117062 -0.0194109 0.9997414
1544554990.777802 -0.9493517 0.8751319 -1.4443383 -0.0023517 -0.0096864 -0.0197929 0.9997544
1544554991.132680 -0.8813490 0.8676783 -1.4467272 -0.0047116 -0.0279622 -0.0206553 0.9993845
1544554991.502786 -0.8114883 0.8561995 -1.4425521 -0.0034256 -0.0301943 -0.0217390 0.9993017
1544554992.328839 -0.6613623 0.8458921 -1.4340138 -0.0020624 -0.0278289 -0.0194701 0.9994209
1544554992.762054 -0.5489144 0.8612897 -1.4287039 -0.0025065 -0.0291204 -0.0181578 0.9994078
1544554993.624441 -0.3141912 0.8619891 -1.4205046 -0.0031372 -0.0263737 -0.0195168 0.9994567
1544554994.039135 -0.2328837 0.8669766 -1.4193248 -0.0029309 -0.0255490 -0.0204178 0.9994608
1544554994.452124 -0.1542951 0.8694059 -1.4125435 -0.0040444 -0.0167433 -0.0191758 0.9996678
1544554994.849740 -0.1147290 0.8771065 -1.4093751 -0.0055409 -0.0115543 -0.0191795 0.9997339
1544554995.190752 -0.0480886 0.8832393 -1.4030499 -0.0055239 0.0021855 -0.0130980 0.9998966
1544554995.570977 0.0414169 0.9014940 -1.3891612 -0.0047833 0.0269522 -0.0068197 0.9996020
1544554995.911061 0.1394058 0.9052248 -1.3646728 -0.0047645 0.0194867 -0.0066739 0.9997765
1544554996.245825 0.2047644 0.9216999 -1.3714540 -0.0015577 0.0093762 -0.0111238 0.9998930
