1544553369.230657 0 1.1548500 0 0.0002295 -0.6740495 -0.1400042 0.7252972
1544553369.492972 0.00314728386781 1.1400522 0.0291877847338 -0.0009844 -0.6844673 -0.1414381 0.7151914
1544553370.432021 0.0209554816533 1.1080730 0.239282202772 -0.0034168 -0.7035472 -0.1456573 0.6955528
1544553370.658315 0.0362937824284 1.0941652 0.291758174629 -0.0017665 -0.7044341 -0.1469228 0.6943941
1544553370.890598 0.0386834181604 1.0852277 0.335390907903 -0.0007139 -0.7037959 -0.1483324 0.6947433
1544553372.202543 -0.00554966895869 1.0051869 0.702636185704 -0.0001966 -0.7196444 -0.1504898 0.6778382
1544553372.469899 0.00101125218122 0.9867187 0.770591944629 0.0007531 -0.7226895 -0.1528362 0.6740626
1544553372.967143 -0.0097294468584 0.9592353 0.88102311146 0.0012513 -0.7139395 -0.1504195 0.6838588
1544553373.253373 -0.0147093295689 0.9409190 0.937784127383 0.0003939 -0.7249550 -0.1541405 0.6713277
1544553373.541871 -0.0236713165856 0.9092922 1.03010488393 -0.0010892 -0.7161621 -0.1515328 0.6812845
1544553375.779912 -0.0480259355337 0.7772356 1.57271383291 0.0020979 -0.6737223 -0.1453459 0.7245471
1544553376.103620 -0.047332949342 0.7948953 1.54695976977 0.0048705 -0.6740265 -0.1477829 0.7237573
1544553376.504259 -0.0521889894472 0.7642002 1.55665319978 0.0021636 -0.6687205 -0.1450611 0.7292225
1544553377.192136 -0.0830906046621 0.7476053 1.66863423147 -0.0034043 -0.6846784 -0.1444978 0.7143698
1544553377.554713 -0.0812720899419 0.7585182 1.74368631404 -0.0018704 -0.6986473 -0.1466967 0.7002631
1544553377.911638 -0.0818108659408 0.7366609 1.81951873709 -0.0020581 -0.7255479 -0.1526509 0.6710243
1544553378.299789 -0.128823032284 0.7130584 1.85737344233 0.0011444 -0.7500388 -0.1601644 0.6417070
1544553378.643641 -0.154988084268 0.6859759 1.83922924936 0.0030661 -0.7780061 -0.1675761 0.6054877
1544553378.981966 -0.20805988223 0.6963327 1.82406252719 0.0027166 -0.8128973 -0.1768786 0.5548914
1544553379.328255 -0.263036050284 0.7039059 1.79027074706 -0.0027693 0.8613481 0.1849514 -0.4731435
1544553380.613679 -0.396419679123 0.7453923 1.85292497226 -0.0063803 0.9648398 0.1980610 -0.1726709
1544553380.710939 -0.398761685909 0.7498632 1.85495422444 -0.0083032 0.9695423 0.1995703 -0.1417409
1544553381.613380 -0.49260162857 0.7088969 1.87763961712 -0.0073007 0.9764134 0.2000175 -0.0809730
1544553381.941648 -0.560424000889 0.7365783 1.88067913138 -0.0044827 0.9772778 0.1995622 -0.0712954
1544553382.347216 -0.621714689812 0.7329523 1.87807877449 -0.0063557 0.9789774 0.1982579 -0.0475036
1544553382.685891 -0.689683835068 0.7269773 1.87646619472 -0.0049928 0.9783291 0.1997195 -0.0544001
1544553382.839946 -0.710866602803 0.7511992 1.89152204865 -0.0057923 0.9796767 0.1993615 -0.0213284
1544553383.012664 -0.74199968553 0.7472069 1.90253902669 -0.0057924 0.9795849 0.1990054 -0.0278685
1544553383.481145 -0.858316955141 0.7136264 1.89830750306 -0.0042567 0.9796785 0.1997020 -0.0181970
1544553383.883945 -0.957798590179 0.7184505 1.91218899366 -0.0050389 0.9799220 0.1990993 -0.0093277
1544553384.129324 -0.979532202232 0.7208459 1.9178786405 -0.0072668 0.9799609 0.1989097 0.0076606
1544553384.315807 -1.0050530391 0.7106295 1.90493225533 -0.0090992 0.9796326 0.1997593 0.0182589
1544553385.179936 -1.24254795733 0.7028779 1.88914884836 -0.0048632 0.9795521 0.2006093 0.0144903
1544553385.898649 -1.27837047457 0.7055746 1.87298360015 -0.0108748 0.9788702 0.2014973 0.0330730
1544553386.123539 -1.28905673669 0.6989207 1.88864363743 -0.0099189 0.9788404 0.2010598 0.0367173
1544553386.623606 -1.36183035993 0.6970962 1.84643767279 -0.0072966 0.9785281 0.2035028 0.0318750
1544553387.481118 -1.46950609825 0.6985760 1.86061201095 -0.0038712 0.9774586 0.2006368 0.0656093
1544553388.054651 -1.5649196527 0.7149084 1.85421500369 -0.0047155 0.9790744 0.2033788 0.0053111
1544553388.758913 -1.67758592452 0.7167839 1.88131173589 -0.0035715 0.9793814 0.2008795 0.0211330
1544553389.026656 -1.75510464134 0.7256210 1.87628115783 -0.0021927 0.9786423 0.2016865 0.0397111
1544553389.953879 -1.90628832494 0.7160444 1.87128475308 -0.0040679 0.9795952 0.2007008 0.0097927
1544553390.183732 -1.95651299513 0.7133345 1.88642656054 -0.0021215 0.9794614 0.2011932 0.0131163
1544553390.619874 -2.0567895903 0.7079360 1.88150318472 -0.0018636 0.9790338 0.2022251 0.0243798
1544553390.961635 -2.12047389346 0.7088224 1.89077547097 -0.0044121 0.9783427 0.1997671 0.0540310
1544553391.136249 -2.13688938232 0.7081786 1.89917520282 -0.0060089 0.9780928 0.1992291 0.0600516
1544553391.312151 -2.15534402027 0.7050101 1.90247797027 -0.0081115 0.9785783 0.1994443 0.0504053
1544553391.517544 -2.19043775056 0.7005571 1.90312311836 -0.0073330 0.9791636 0.2007663 0.0296254
1544553391.700459 -2.23684822031 0.6944946 1.89949338024 -0.0051973 0.9791304 0.2025241 0.0161437
1544553392.298340 -2.36596152824 0.6916511 1.90546513276 -0.0050055 0.9794390 0.2000978 0.0252029
1544553392.468581 -2.39164521532 0.6964571 1.89747275981 -0.0048469 0.9791952 0.2009945 0.0274675
1544553392.723650 -2.44817179535 0.7019185 1.89269378301 -0.0047812 0.9792351 0.2018473 0.0182595
1544553392.893548 -2.47886063099 0.7069660 1.89099939046 -0.0039726 0.9794315 0.2005510 0.0218517
1544553393.227003 -2.52922685741 0.7071949 1.88892431126 -0.0061495 0.9785265 0.1989358 0.0535967
1544553393.426271 -2.54501160552 0.7046159 1.88826671994 -0.0083966 0.9789952 0.1990321 0.0434062
1544553393.659531 -2.58129665664 0.6867014 1.88102841294 -0.0072906 0.9793090 0.2009269 0.0230047
1544553394.574049 -2.74779242031 0.6871079 1.85485736142 -0.0067617 0.9797751 0.1988041 0.0217274
1544553394.743766 -2.77648880176 0.6878533 1.867027693 -0.0069815 0.9799764 0.1983410 0.0160734
1544553394.901468 -2.80617331245 0.6908390 1.87379112931 -0.0059571 0.9801687 0.1979745 0.0063201
1544553395.062670 -2.84011076861 0.6946070 1.87325524412 -0.0052369 0.9800439 0.1985898 0.0069703
1544553395.234569 -2.87848909075 0.6938341 1.86575703427 -0.0058646 0.9795973 0.2005751 0.0111489
1544553395.540710 -2.9203712957 0.6970868 1.86205390451 -0.0075990 0.9786459 0.1998527 0.0474703
1544553395.745931 -2.93918507996 0.7045630 1.86785869716 -0.0090773 0.9745244 0.1979648 0.1050220
1544553395.910058 -2.94309553735 0.7117440 1.86590978377 -0.0111145 0.9689082 0.1961362 0.1504126
1544553396.104979 -2.94386500385 0.7051592 1.8591035268 -0.0140233 0.9601103 0.1945439 0.2003603
1544553396.315651 -2.94463411989 0.7069634 1.85364720152 -0.0158406 0.9544090 0.1930427 0.2271279
1544553396.697135 -2.98135584972 0.7138145 1.84696911628 -0.0137615 0.9333309 0.1873214 0.3059653
1544553396.805442 -2.98774768684 0.7132771 1.84364678605 -0.0144734 0.9235848 0.1850189 0.3354841
1544553397.019083 -2.98948325124 0.7130672 1.83266416717 -0.0147003 0.9049657 0.1813503 0.3846206
1544553397.200245 -2.99643442533 0.6979370 1.81759330943 -0.0158838 0.8800461 0.1762263 0.4406937
1544553397.486900 -3.02091356681 0.6976098 1.80257316412 -0.0138682 0.8692424 0.1726036 0.4630695
1544553397.658762 -3.0273487428 0.6919901 1.80510953121 -0.0143781 0.8516052 0.1683062 0.4962206
1544553397.796653 -3.0277718913 0.6880862 1.80441462475 -0.0152577 0.8390278 0.1644086 0.5184297
1544553398.103942 -3.03681655682 0.6858947 1.7948519807 -0.0141946 0.7995932 0.1557447 0.5798215
1544553398.255434 -3.03649791823 0.6832861 1.79046879744 -0.0140187 0.7821384 0.1527077 0.6039398
1544553399.627876 -3.00290866476 0.6788231 1.63847617113 -0.0110594 0.7263216 0.1391107 0.6730400
1544553399.850823 -3.00203656071 0.6827624 1.61596027147 -0.0114744 0.7081040 0.1343211 0.6931197
1544553400.110686 -2.99171733828 0.6780621 1.59043442281 -0.0126801 0.7023919 0.1329782 0.6991435
1544553400.970477 -3.00025900997 0.6936222 1.4287393619 -0.0073259 0.6802384 0.1310128 0.7211503
1544553401.425818 -3.0024236183 0.7168525 1.30825542971 -0.0072043 0.6970928 0.1332250 0.7044578
1544553401.740664 -3.00795820653 0.7313380 1.26045457827 -0.0085466 0.6799514 0.1281004 0.7219303
1544553402.045660 -2.99745635174 0.7423711 1.21462494574 -0.0098385 0.6657520 0.1262624 0.7353470
1544553403.772671 -2.9689783603 0.8287569 0.87406870233 -0.0092245 0.6678613 0.1263489 0.7334249
1544553404.072012 -2.96191588703 0.8247288 0.826424486295 -0.0096499 0.6579536 0.1240236 0.7427127
1544553404.376943 -2.94124091781 0.8272285 0.817379746509 -0.0111845 0.6526642 0.1214662 0.7477635
1544553405.609818 -2.86427084641 0.8282815 0.596191213023 -0.0059894 0.6355008 0.1232688 0.7621730
1544553405.909598 -2.85798719843 0.8570817 0.488604308183 -0.0032954 0.6505304 0.1260673 0.7489368
1544553406.199880 -2.87094309862 0.8909500 0.42886059092 -0.0035134 0.6725463 0.1275020 0.7289804
1544553406.467324 -2.86929263336 0.9167038 0.381680854053 -0.0047745 0.6896290 0.1293644 0.7124984
1544553406.674453 -2.87854873799 0.9130648 0.319862561318 -0.0047252 0.6843433 0.1297704 0.7175037
1544553407.314438 -2.86844330828 0.7777089 0.145805945448 -0.0051284 0.7032151 0.1317822 0.6986384
1544553407.904135 -2.85547702054 0.7026604 0.0952349365706 -0.0029228 0.7283456 0.1345187 0.6718697
1544553408.550815 -2.83628734323 0.6982408 0.0663155935038 -0.0021799 0.6963416 0.1303768 0.7057660
1544553411.407486 -2.76101302661 0.6324263 0.0471902295162 -0.0034061 0.4411362 0.0764660 0.8941702
1544553415.325836 -2.69730100742 0.6926291 0.0289141533408 0.0015823 0.5189187 0.0987737 0.8490964
1544553416.346861 -2.73361385778 0.6819059 0.077374434219 -0.0018509 0.3839855 0.0655758 0.9210057
1544553417.434158 -2.78928541546 0.6721815 0.0893134203912 -0.0035846 0.2253840 0.0304065 0.9737888
1544553421.844663 -2.82238105348 0.6878591 0.0299549635524 -0.0026583 -0.0175414 -0.0184249 0.9996728
1544553422.190412 -2.77560364104 0.7002661 0.0320396799729 -0.0034361 -0.0096984 -0.0141631 0.9998468
1544553422.397016 -2.76175350587 0.6990422 0.0387779544758 -0.0051821 0.0027662 -0.0114544 0.9999171
1544553422.664521 -2.72209128532 0.7086966 0.0237551059447 -0.0046630 0.0021750 -0.0113838 0.9999220
1544553422.798846 -2.69734011411 0.7161384 0.0318002553291 -0.0055723 0.0054627 -0.0099980 0.9999196
1544553423.382560 -2.54994269616 0.7256955 0.0516129230855 -0.0055942 0.0060955 -0.0085502 0.9999292
1544553423.812170 -2.43159376783 0.7297128 0.0642416259492 -0.0042433 0.0110761 -0.0082824 0.9998953
1544553424.206239 -2.36455732828 0.7393981 0.0836425981407 -0.0052167 0.0247336 -0.0091657 0.9996384
1544553425.781215 -1.85748652793 0.8606054 0.0875266859285 -0.0049833 0.0197829 -0.0102588 0.9997392
1544553426.741006 -1.66160788969 0.8485329 0.0868979283983 -0.0047602 -0.0083722 -0.0173343 0.9998034
1544553427.080447 -1.60457239536 0.8613759 0.123550151861 -0.0066095 0.0082942 -0.0136361 0.9998507
1544553428.740079 -1.23635459662 0.9631808 0.0485112830968 0.0003849 0.0094686 -0.0139514 0.9998578
1544553429.331907 -1.14538357385 0.9540348 0.0192608409156 -0.0060788 -0.0115163 -0.0156692 0.9997925
1544553429.626384 -1.07859661979 0.9429128 0.0160742146495 -0.0064357 -0.0141079 -0.0152143 0.9997640
1544553430.244877 -0.962744992273 0.9213987 0.00983676072742 -0.0047198 -0.0095220 -0.0138779 0.9998472
1544553430.610980 -0.886568769214 0.9277309 0.00756348981187 -0.0049765 -0.0112531 -0.0146625 0.9998168
1544553430.934113 -0.792522867317 0.9463348 0.0102311635595 -0.0036978 -0.0115073 -0.0131262 0.9998408
1544553431.523106 -0.611599286803 0.9633908 -0.00396880559781 -0.0042672 -0.0150074 -0.0139212 0.9997814
1544553432.116797 -0.464912563532 0.9590850 -0.00436443772839 -0.0047190 -0.0117880 -0.0165250 0.9997828
1544553432.449712 -0.372293568454 0.9581957 -0.0108214905686 -0.0049129 -0.0061999 -0.0147883 0.9998593
1544553432.739976 -0.324497168366 0.9609569 -0.0101642601607 -0.0058576 -0.0000976 -0.0146878 0.9998749
1544553433.020979 -0.296299821648 0.9652433 -0.00721975992953 -0.0070444 0.0033031 -0.0150028 0.9998572
1544553433.615804 -0.15018851269 0.9863269 -0.00563636501404 -0.0076205 0.0291716 -0.0046096 0.9995347
1544553433.859234 -0.0947370731381 0.9919623 -0.00489795716573 -0.0077148 0.0410596 -0.0023792 0.9991241
1544553434.144554 -0.00503367833694 0.9893674 0.0143557163796 -0.0093340 0.0354722 -0.0018793 0.9993253
