1544553369.230657 0.0159705 1.1548500 -1.4091556 0.0002295 -0.6740495 -0.1400042 0.7252972
1544553369.492972 0.0175859 1.1400522 -1.3798431 -0.0009844 -0.6844673 -0.1414381 0.7151914
1544553370.432021 0.0243742 1.1080730 -1.1691046 -0.0034168 -0.7035472 -0.1456573 0.6955528
1544553370.658315 0.0369451 1.0941652 -1.1158978 -0.0017665 -0.7044341 -0.1469228 0.6943941
1544553370.890598 0.0370479 1.0852277 -1.0721998 -0.0007139 -0.7037959 -0.1483324 0.6947433
1544553372.202543 -0.0263447 1.0051869 -0.7077728 -0.0001966 -0.7196444 -0.1504898 0.6778382
1544553372.469899 -0.0233493 0.9867187 -0.6395668 0.0007531 -0.7226895 -0.1528362 0.6740626
1544553372.967143 -0.0398548 0.9592353 -0.5298491 0.0012513 -0.7139395 -0.1504195 0.6838588
1544553373.253373 -0.0477985 0.9409190 -0.4734265 0.0003939 -0.7249550 -0.1541405 0.6713277
1544553373.541871 -0.0615799 0.9092922 -0.3817013 -0.0010892 -0.7161621 -0.1515328 0.6812845
1544553375.779912 -0.1142991 0.7772356 0.1588894 0.0020979 -0.6737223 -0.1453459 0.7245471
1544553376.103620 -0.1122592 0.7948953 0.1332069 0.0048705 -0.6740265 -0.1477829 0.7237573
1544553376.504259 -0.1176159 0.7642002 0.1426329 0.0021636 -0.6687205 -0.1450611 0.7292225
1544553377.192136 -0.1543358 0.7476053 0.2528432 -0.0034043 -0.6846784 -0.1444978 0.7143698
1544553377.554713 -0.1564477 0.7585182 0.3278876 -0.0018704 -0.6986473 -0.1466967 0.7002631
1544553377.911638 -0.1609545 0.7366609 0.4035879 -0.0020581 -0.7255479 -0.1526509 0.6710243
1544553378.299789 -0.2098834 0.7130584 0.4389303 0.0011444 -0.7500388 -0.1601644 0.6417070
1544553378.643641 -0.2350630 0.6859759 0.4194416 0.0030661 -0.7780061 -0.1675761 0.6054877
1544553378.981966 -0.2872683 0.6963327 0.4015181 0.0027166 -0.8128973 -0.1768786 0.5548914
1544553379.328255 -0.3404006 0.7039059 0.3648954 -0.0027693 0.8613481 0.1849514 -0.4731435
1544553380.613679 -0.4768805 0.7453923 0.4204830 -0.0063803 0.9648398 0.1980610 -0.1726709
1544553380.710939 -0.4793255 0.7498632 0.4223869 -0.0083032 0.9695423 0.1995703 -0.1417409
1544553381.613380 -0.5742241 0.7088969 0.4401300 -0.0073007 0.9764134 0.2000175 -0.0809730
1544553381.941648 -0.6421126 0.7365783 0.4396158 -0.0044827 0.9772778 0.1995622 -0.0712954
1544553382.347216 -0.7031832 0.7329523 0.4338113 -0.0063557 0.9789774 0.1982579 -0.0475036
1544553382.685891 -0.7709748 0.7269773 0.4286437 -0.0049928 0.9783291 0.1997195 -0.0544001
1544553382.839946 -0.7929165 0.7511992 0.4425703 -0.0057923 0.9796767 0.1993615 -0.0213284
1544553383.012664 -0.8245835 0.7472069 0.4519428 -0.0057924 0.9795849 0.1990054 -0.0278685
1544553383.481145 -0.9405199 0.7136264 0.4416295 -0.0042567 0.9796785 0.1997020 -0.0181970
1544553383.883945 -1.0405917 0.7184505 0.4502855 -0.0050389 0.9799220 0.1990993 -0.0093277
1544553384.129324 -1.0625933 0.7208459 0.4548299 -0.0072668 0.9799609 0.1989097 0.0076606
1544553384.315807 -1.0874016 0.7106295 0.4405656 -0.0090992 0.9796326 0.1997593 0.0182589
1544553385.179936 -1.3237450 0.7028779 0.4123743 -0.0048632 0.9795521 0.2006093 0.0144903
1544553385.898649 -1.3586724 0.7055746 0.3943564 -0.0108748 0.9788702 0.2014973 0.0330730
1544553386.123539 -1.3701636 0.6989207 0.4094357 -0.0099189 0.9788404 0.2010598 0.0367173
1544553386.623606 -1.4406286 0.6970962 0.3634789 -0.0072966 0.9785281 0.2035028 0.0318750
1544553387.481118 -1.5488986 0.6985760 0.3719985 -0.0038712 0.9774586 0.2006368 0.0656093
1544553388.054651 -1.6438466 0.7149084 0.3606167 -0.0047155 0.9790744 0.2033788 0.0053111
1544553388.758913 -1.7577766 0.7167839 0.3817798 -0.0035715 0.9793814 0.2008795 0.0211330
1544553389.026656 -1.8349258 0.7256210 0.3726991 -0.0021927 0.9786423 0.2016865 0.0397111
1544553389.953879 -1.9856408 0.7160444 0.3597972 -0.0040679 0.9795952 0.2007008 0.0097927
1544553390.183732 -2.0365891 0.7133345 0.3722897 -0.0021215 0.9794614 0.2011932 0.0131163
1544553390.619874 -2.1364706 0.7079360 0.3621250 -0.0018636 0.9790338 0.2022251 0.0243798
1544553390.961635 -2.2005529 0.7088224 0.3680516 -0.0044121 0.9783427 0.1997671 0.0540310
1544553391.136249 -2.2173855 0.7081786 0.3755807 -0.0060089 0.9780928 0.1992291 0.0600516
1544553391.312151 -2.2359877 0.7050101 0.3779131 -0.0081115 0.9785783 0.1994443 0.0504053
1544553391.517544 -2.2710671 0.7005571 0.3767207 -0.0073330 0.9791636 0.2007663 0.0296254
1544553391.700459 -2.3172240 0.6944946 0.3706670 -0.0051973 0.9791304 0.2025241 0.0161437
1544553392.298340 -2.4464729 0.6916511 0.3698733 -0.0050055 0.9794390 0.2000978 0.0252029
1544553392.468581 -2.4717031 0.6964571 0.3605477 -0.0048469 0.9791952 0.2009945 0.0274675
1544553392.723650 -2.5279021 0.7019185 0.3528169 -0.0047812 0.9792351 0.2018473 0.0182595
1544553392.893548 -2.5584602 0.7069660 0.3495187 -0.0039726 0.9794315 0.2005510 0.0218517
1544553393.227003 -2.6086488 0.7071949 0.3448105 -0.0061495 0.9785265 0.1989358 0.0535967
1544553393.426271 -2.6243775 0.7046159 0.3433277 -0.0083966 0.9789952 0.1990321 0.0434062
1544553393.659531 -2.6602340 0.6867014 0.3342003 -0.0072906 0.9793090 0.2009269 0.0230047
1544553394.574049 -2.8251319 0.6871079 0.2993514 -0.0067617 0.9797751 0.1988041 0.0217274
1544553394.743766 -2.8544259 0.6878533 0.3100032 -0.0069815 0.9799764 0.1983410 0.0160734
1544553394.901468 -2.8844237 0.6908390 0.3152038 -0.0059571 0.9801687 0.1979745 0.0063201
1544553395.062670 -2.9182866 0.6946070 0.3128925 -0.0052369 0.9800439 0.1985898 0.0069703
1544553395.234569 -2.9562199 0.6938341 0.3033960 -0.0058646 0.9795973 0.2005751 0.0111489
1544553395.540710 -2.9978509 0.6970868 0.2975060 -0.0075990 0.9786459 0.1998527 0.0474703
1544553395.745931 -3.0169427 0.7045630 0.3023182 -0.0090773 0.9745244 0.1979648 0.1050220
1544553395.910058 -3.0207458 0.7117440 0.3001673 -0.0111145 0.9689082 0.1961362 0.1504126
1544553396.104979 -3.0211580 0.7051592 0.2933301 -0.0140233 0.9601103 0.1945439 0.2003603
1544553396.315651 -3.0216405 0.7069634 0.2878410 -0.0158406 0.9544090 0.1930427 0.2271279
1544553396.697135 -3.0579624 0.7138145 0.2792502 -0.0137615 0.9333309 0.1873214 0.3059653
1544553396.805442 -3.0641716 0.7132771 0.2755979 -0.0144734 0.9235848 0.1850189 0.3354841
1544553397.019083 -3.0653300 0.7130672 0.2645395 -0.0147003 0.9049657 0.1813503 0.3846206
1544553397.200245 -3.0714829 0.6979370 0.2491255 -0.0158838 0.8800461 0.1762263 0.4406937
1544553397.486900 -3.0951424 0.6976098 0.2328448 -0.0138682 0.8692424 0.1726036 0.4630695
1544553397.658762 -3.1017015 0.6919901 0.2350409 -0.0143781 0.8516052 0.1683062 0.4962206
1544553397.796653 -3.1020877 0.6880862 0.2343248 -0.0152577 0.8390278 0.1644086 0.5184297
1544553398.103942 -3.1106195 0.6858947 0.2243019 -0.0141946 0.7995932 0.1557447 0.5798215
1544553398.255434 -3.1100719 0.6832861 0.2199414 -0.0140187 0.7821384 0.1527077 0.6039398
1544553399.627876 -3.0685740 0.6788231 0.0699150 -0.0110594 0.7263216 0.1391107 0.6730400
1544553399.850823 -3.0665247 0.6827624 0.0474756 -0.0114744 0.7081040 0.1343211 0.6931197
1544553400.110686 -3.0548837 0.6780621 0.0225248 -0.0126801 0.7023919 0.1329782 0.6991435
1544553400.970477 -3.0549512 0.6936222 -0.1393957 -0.0073259 0.6802384 0.1310128 0.7211503
1544553401.425818 -3.0508072 0.7168525 -0.2598278 -0.0072043 0.6970928 0.1332250 0.7044578
1544553401.740664 -3.0538325 0.7313380 -0.3078528 -0.0085466 0.6799514 0.1281004 0.7219303
1544553402.045660 -3.0409465 0.7423711 -0.3530700 -0.0098385 0.6657520 0.1262624 0.7353470
1544553403.772671 -2.9946842 0.8287569 -0.6916691 -0.0092245 0.6678613 0.1263489 0.7334249
1544553404.072012 -2.9851379 0.8247288 -0.7388784 -0.0096499 0.6579536 0.1240236 0.7427127
1544553404.376943 -2.9640179 0.8272285 -0.7468287 -0.0111845 0.6526642 0.1214662 0.7477635
1544553405.609818 -2.8755772 0.8282815 -0.9636858 -0.0059894 0.6355008 0.1232688 0.7621730
1544553405.909598 -2.8636715 0.8570817 -1.0707964 -0.0032954 0.6505304 0.1260673 0.7489368
1544553406.199880 -2.8734829 0.8909500 -1.1311363 -0.0035134 0.6725463 0.1275020 0.7289804
1544553406.467324 -2.8693655 0.9167038 -1.1781650 -0.0047745 0.6896290 0.1293644 0.7124984
1544553406.674453 -2.8753736 0.9130648 -1.2403830 -0.0047252 0.6843433 0.1297704 0.7175037
1544553407.314438 -2.8561726 0.7777089 -1.4136722 -0.0051284 0.7032151 0.1317822 0.6986384
1544553407.904135 -2.8405774 0.7026604 -1.4634953 -0.0029228 0.7283456 0.1345187 0.6718697
1544553408.550815 -2.8199005 0.6982408 -1.4913707 -0.0021799 0.6963416 0.1303768 0.7057660
1544553411.407486 -2.7437284 0.6324263 -1.5065303 -0.0034061 0.4411362 0.0764660 0.8941702
1544553415.325836 -2.6791472 0.6926291 -1.5214469 0.0015823 0.5189187 0.0987737 0.8490964
1544553416.346861 -2.7179465 0.6819059 -1.4749535 -0.0018509 0.3839855 0.0655758 0.9210057
1544553417.434158 -2.7741666 0.6721815 -1.4659445 -0.0035846 0.2253840 0.0304065 0.9737888
1544553421.844663 -2.8041103 0.6878591 -1.5269537 -0.0026583 -0.0175414 -0.0184249 0.9996728
1544553422.190412 -2.7575061 0.7002661 -1.5224237 -0.0034361 -0.0096984 -0.0141631 0.9998468
1544553422.397016 -2.7440276 0.6990422 -1.5149698 -0.0051821 0.0027662 -0.0114544 0.9999171
1544553422.664521 -2.7036335 0.7086966 -1.5278963 -0.0046630 0.0021750 -0.0113838 0.9999220
1544553422.798846 -2.6793373 0.7161384 -1.5185668 -0.0055723 0.0054627 -0.0099980 0.9999196
1544553423.382560 -2.5331788 0.7256955 -1.4910671 -0.0055942 0.0060955 -0.0085502 0.9999292
1544553423.812170 -2.4156530 0.7297128 -1.4722618 -0.0042433 0.0110761 -0.0082824 0.9998953
1544553424.206239 -2.3497238 0.7393981 -1.4493790 -0.0052167 0.0247336 -0.0091657 0.9996384
1544553425.781215 -1.8435512 0.8606054 -1.4189622 -0.0049833 0.0197829 -0.0102588 0.9997392
1544553426.741006 -1.6479081 0.8485329 -1.4093386 -0.0047602 -0.0083722 -0.0173343 0.9998034
1544553427.080447 -1.5928690 0.8613759 -1.3697516 -0.0066095 0.0082942 -0.0136361 0.9998507
1544553428.740079 -1.2212286 0.9631808 -1.4254166 0.0003849 0.0094686 -0.0139514 0.9998578
1544553429.331907 -1.1288514 0.9540348 -1.4498659 -0.0060788 -0.0115163 -0.0156692 0.9997925
1544553429.626384 -1.0619892 0.9429128 -1.4495528 -0.0064357 -0.0141079 -0.0152143 0.9997640
1544553430.244877 -0.9459699 0.9213987 -1.4497185 -0.0047198 -0.0095220 -0.0138779 0.9998472
1544553430.610980 -0.8697791 0.9277309 -1.4480019 -0.0049765 -0.0112531 -0.0146625 0.9998168
1544553430.934113 -0.7760017 0.9463348 -1.4404159 -0.0036978 -0.0115073 -0.0131262 0.9998408
1544553431.523106 -0.5945829 0.9633908 -1.4451276 -0.0042672 -0.0150074 -0.0139212 0.9997814
1544553432.116797 -0.4480765 0.9590850 -1.4378457 -0.0047190 -0.0117880 -0.0165250 0.9997828
1544553432.449712 -0.3552465 0.9581957 -1.4394466 -0.0049129 -0.0061999 -0.0147883 0.9998593
1544553432.739976 -0.3075500 0.9609569 -1.4362888 -0.0058576 -0.0000976 -0.0146878 0.9998749
1544553433.020979 -0.2795454 0.9652433 -1.4318726 -0.0070444 0.0033031 -0.0150028 0.9998572
1544553433.615804 -0.1337172 0.9863269 -1.4226445 -0.0076205 0.0291716 -0.0046096 0.9995347
1544553433.859234 -0.0783804 0.9919623 -1.4190050 -0.0077148 0.0410596 -0.0023792 0.9991241
1544553434.144554 0.0101924 0.9893674 -1.3950830 -0.0093340 0.0354722 -0.0018793 0.9993253
