1544554244.315882 -0.5608105 0.8185859 -0.5642995 0.0164831 -0.5839154 -0.1326124 0.8007403
1544554244.589596 -0.5590243 0.8169401 -0.5605460 0.0166038 -0.5838163 -0.1316696 0.8009657
1544554244.834596 -0.5558571 0.8108891 -0.5498286 0.0160027 -0.5882304 -0.1329073 0.7975366
1544554245.547230 -0.5277408 0.7953334 -0.4563930 0.0131000 -0.6066005 -0.1360822 0.7831640
1544554246.044139 -0.4934747 0.7711037 -0.3802157 0.0129486 -0.6125093 -0.1370685 0.7783810
1544554247.054616 -0.4768602 0.7260314 -0.2135272 0.0131269 -0.6192511 -0.1416720 0.7721947
1544554247.323997 -0.4655708 0.7109264 -0.1625087 0.0129304 -0.6277452 -0.1429406 0.7650731
1544554247.591197 -0.4519591 0.6999458 -0.1155865 0.0142630 -0.6318935 -0.1441153 0.7614052
1544554248.073447 -0.4286615 0.6705749 -0.0328303 0.0149436 -0.6339108 -0.1460735 0.7593395
1544554248.353286 -0.4289208 0.6627167 0.0070565 0.0155104 -0.6249256 -0.1440865 0.7671157
1544554248.661584 -0.4283172 0.6499492 0.0483099 0.0149098 -0.6376647 -0.1484621 0.7557251
1544554248.992143 -0.4201915 0.6258308 0.1168861 0.0134541 -0.6292906 -0.1447183 0.7634585
1544554250.534460 -0.3619587 0.5445350 0.3962263 0.0134006 -0.6024063 -0.1391467 0.7858533
1544554252.026702 -0.3705959 0.5103419 0.4579259 0.0170262 -0.5774651 -0.1376560 0.8045464
1544554252.409712 -0.3765144 0.4922157 0.5122771 0.0112788 -0.5861021 -0.1352287 0.7987930
1544554252.802100 -0.3679446 0.5040432 0.5649893 0.0121430 -0.6019820 -0.1382568 0.7863557
1544554253.196465 -0.3544389 0.4960034 0.6194255 0.0124972 -0.6277785 -0.1439223 0.7648689
1544554253.592239 -0.3631157 0.4706937 0.6683919 0.0118967 -0.6507933 -0.1511124 0.7439702
1544554253.991893 -0.3902285 0.4524108 0.6604475 0.0152348 -0.6917156 -0.1638257 0.7031775
1544554254.400425 -0.4343583 0.4531966 0.6534140 0.0142929 -0.7397978 -0.1773978 0.6488643
1544554254.748849 -0.4719994 0.4559832 0.6358148 0.0133243 -0.7964622 -0.1897527 0.5739899
1544554255.739494 -0.5473545 0.4733490 0.6837674 -0.0138324 0.9032629 0.2040320 -0.3772212
1544554256.359228 -0.5659295 0.4822739 0.7135748 -0.0146234 0.9558191 0.2155756 -0.1993065
1544554256.458186 -0.5663635 0.4804118 0.7162575 -0.0145071 0.9607328 0.2161402 -0.1733941
1544554256.591109 -0.5757484 0.4741835 0.7163045 -0.0142667 0.9612152 0.2166149 -0.1701171
1544554256.724972 -0.5880328 0.4654229 0.7232326 -0.0136047 0.9626713 0.2171280 -0.1610412
1544554256.935192 -0.6105959 0.4531411 0.7281671 -0.0117314 0.9603470 0.2156423 -0.1763362
1544554257.096528 -0.6318554 0.4544189 0.7271895 -0.0100541 0.9591026 0.2157000 -0.1830156
1544554257.627330 -0.7014276 0.4734859 0.7425858 -0.0088047 0.9635117 0.2139385 -0.1606174
1544554258.029308 -0.7520651 0.4533796 0.7448692 -0.0079304 0.9629085 0.2156118 -0.1620366
1544554258.227165 -0.7721874 0.4724037 0.7624103 -0.0070160 0.9671088 0.2145980 -0.1363780
1544554258.629470 -0.8263659 0.4594811 0.7740233 -0.0080280 0.9655929 0.2142590 -0.1471703
1544554259.135694 -0.9117155 0.4460400 0.7888750 -0.0060538 0.9697567 0.2143171 -0.1166342
1544554259.558110 -0.9513530 0.4483961 0.8043573 -0.0096167 0.9716045 0.2149347 -0.0984644
1544554259.795123 -0.9736742 0.4408518 0.7969195 -0.0110031 0.9726494 0.2149080 -0.0874448
1544554260.559647 -1.1216247 0.4324058 0.8081195 -0.0058296 0.9720252 0.2142918 -0.0959802
1544554260.839058 -1.1417155 0.4344459 0.8127296 -0.0083216 0.9727889 0.2148976 -0.0862068
1544554262.044965 -1.2070167 0.4287761 0.7923042 -0.0073040 0.9728754 0.2173785 -0.0787829
1544554262.679451 -1.2370396 0.4243709 0.8028052 -0.0075560 0.9755324 0.2145644 -0.0473447
1544554263.592347 -1.3457565 0.4394728 0.8159308 -0.0070472 0.9698159 0.2150501 -0.1147207
1544554264.169288 -1.4042722 0.4364446 0.8411238 -0.0056014 0.9728022 0.2132116 -0.0903620
1544554264.449904 -1.4519057 0.4400278 0.8441147 -0.0038903 0.9738936 0.2147994 -0.0733296
1544554264.682454 -1.4762855 0.4369474 0.8459800 -0.0050204 0.9750054 0.2133889 -0.0616802
1544554264.963908 -1.4978524 0.4312706 0.8468145 -0.0081268 0.9732767 0.2126577 -0.0862728
1544554265.245178 -1.5281034 0.4272440 0.8522040 -0.0066432 0.9710457 0.2141965 -0.1055742
1544554266.086359 -1.6429145 0.4199482 0.8828911 -0.0055525 0.9726872 0.2131101 -0.0918305
1544554266.293608 -1.6674491 0.4181216 0.8912635 -0.0063363 0.9744208 0.2125951 -0.0725764
1544554266.503450 -1.6790353 0.4191489 0.8992432 -0.0091972 0.9758775 0.2106720 -0.0565309
1544554267.179082 -1.7537638 0.4070439 0.9115291 -0.0079767 0.9722160 0.2122329 -0.0984357
1544554267.856620 -1.8284112 0.3993056 0.9274629 -0.0093696 0.9727886 0.2128204 -0.0911151
1544554268.040487 -1.8519273 0.4018425 0.9287893 -0.0090661 0.9721133 0.2133596 -0.0969082
1544554268.373098 -1.8915331 0.4023951 0.9337662 -0.0094685 0.9726337 0.2129358 -0.0924788
1544554268.772731 -1.9247570 0.4002116 0.9385947 -0.0119258 0.9738986 0.2127688 -0.0781584
1544554268.952307 -1.9332595 0.3951582 0.9404449 -0.0132322 0.9729263 0.2126426 -0.0895677
1544554269.177377 -1.9598366 0.3822896 0.9376748 -0.0110774 0.9716189 0.2135403 -0.1011659
1544554269.344426 -1.9813902 0.3799640 0.9380113 -0.0104036 0.9721462 0.2145343 -0.0938003
1544554270.104798 -2.0702684 0.3735955 0.9592167 -0.0104084 0.9712512 0.2119673 -0.1078542
1544554270.277889 -2.0876665 0.3733639 0.9687124 -0.0112420 0.9701052 0.2119962 -0.1175890
1544554270.446147 -2.1089849 0.3740618 0.9748169 -0.0108441 0.9700038 0.2124457 -0.1176509
1544554270.773920 -2.1545343 0.3716624 0.9773187 -0.0102495 0.9710432 0.2147044 -0.1042688
1544554270.910899 -2.1651199 0.3720502 0.9784351 -0.0099046 0.9729031 0.2147954 -0.0849964
1544554271.048394 -2.1736445 0.3746861 0.9815189 -0.0109829 0.9754487 0.2146005 -0.0482269
1544554271.427801 -2.1804349 0.3777822 0.9852488 -0.0139139 0.9746580 0.2140240 0.0635769
1544554271.692675 -2.1853132 0.3782834 0.9763024 -0.0151662 0.9720654 0.2138988 0.0954266
1544554271.977436 -2.2030926 0.3797517 0.9787637 -0.0140105 0.9653185 0.2106062 0.1536518
1544554272.245065 -2.2165649 0.3815390 0.9750710 -0.0129650 0.9528871 0.2071212 0.2212216
1544554272.384442 -2.2182336 0.3838809 0.9674144 -0.0140093 0.9460768 0.2054084 0.2500997
1544554272.543332 -2.2196908 0.3758786 0.9634533 -0.0130270 0.9263773 0.2019843 0.3175811
1544554272.677326 -2.2274160 0.3698799 0.9543459 -0.0119802 0.9199917 0.2006349 0.3364780
1544554272.983413 -2.2420998 0.3712915 0.9553432 -0.0118581 0.9052499 0.1947601 0.3774262
1544554273.132335 -2.2441006 0.3671634 0.9536563 -0.0115060 0.8999570 0.1931158 0.3907061
1544554273.311336 -2.2474341 0.3631729 0.9528856 -0.0106322 0.8800809 0.1891451 0.4353949
1544554273.735527 -2.2536254 0.3595541 0.9446138 -0.0087041 0.8433993 0.1810835 0.5057771
1544554274.123077 -2.2601538 0.3573138 0.9153789 -0.0080544 0.8451046 0.1817022 0.5027103
1544554274.535236 -2.2429523 0.3633994 0.8963002 -0.0076765 0.8251185 0.1773607 0.5363429
1544554274.814187 -2.2389402 0.3597519 0.8646504 -0.0061188 0.8115671 0.1737961 0.5577780
1544554275.555912 -2.2446377 0.3655183 0.8102025 -0.0049370 0.7772771 0.1628852 0.6076878
1544554275.893861 -2.2524085 0.3670549 0.7990466 -0.0043281 0.7678339 0.1597497 0.6203970
1544554276.431964 -2.2700970 0.3784242 0.7036661 0.0004661 0.7616858 0.1612092 0.6275716
1544554277.131515 -2.2973027 0.4009073 0.6152712 -0.0014466 0.7614450 0.1586289 0.6285192
1544554277.504790 -2.2980783 0.4103264 0.5773529 -0.0030463 0.7484730 0.1568942 0.6443315
1544554279.184533 -2.3249719 0.4723313 0.3674101 -0.0022307 0.7503154 0.1561284 0.6423751
1544554279.482018 -2.3263059 0.4701276 0.3381503 -0.0019709 0.7418088 0.1546437 0.6525344
1544554279.788349 -2.3173470 0.4703874 0.3312796 -0.0044499 0.7375489 0.1520670 0.6579342
1544554280.739146 -2.2836065 0.4718597 0.2513642 -0.0014607 0.7342640 0.1529702 0.6614034
1544554281.730279 -2.3278182 0.5284863 0.0672600 0.0027294 0.7638533 0.1589210 0.6255116
1544554282.013841 -2.3427229 0.5326692 0.0345646 0.0008135 0.7711332 0.1608434 0.6160213
1544554282.305193 -2.3583345 0.5072451 -0.0462551 0.0028125 0.7741582 0.1622371 0.6118416
1544554282.938615 -2.3546245 0.4262525 -0.1364536 -0.0005705 0.7806329 0.1611429 0.6038583
1544554283.257576 -2.3443947 0.3942473 -0.1562623 -0.0013692 0.8001793 0.1643371 0.5768054
1544554283.619279 -2.3467588 0.3801225 -0.1659542 -0.0000428 0.8064140 0.1643284 0.5680605
1544554284.395514 -2.3223109 0.3854931 -0.2005357 0.0001588 0.7261395 0.1504212 0.6708910
1544554288.454430 -2.3461936 0.3829443 -0.1678129 0.0076559 0.2086820 0.0278725 0.9775563
1544554289.039141 -2.3413975 0.3840430 -0.1788541 0.0092314 0.1946551 0.0273332 0.9804474
1544554290.896193 -2.2502079 0.3950275 -0.2254084 0.0081991 0.6307259 0.1329203 0.7644932
1544554291.801425 -2.2668493 0.3902034 -0.1824633 0.0075688 0.4727657 0.0932858 0.8762038
1544554292.990940 -2.2991576 0.3810766 -0.1649898 0.0068291 0.3328707 0.0598617 0.9410457
1544554297.673052 -2.2958980 0.4024639 -0.2021021 0.0071579 0.1125691 0.0136910 0.9935238
1544554297.939255 -2.2689993 0.4087953 -0.2133324 0.0078217 0.1250021 0.0178238 0.9919655
1544554298.110234 -2.2520647 0.4173375 -0.2174654 0.0081445 0.1212835 0.0173335 0.9924331
1544554298.457474 -2.2111418 0.4304652 -0.2097669 0.0064106 0.1217420 0.0182200 0.9923738
1544554298.681370 -2.1678352 0.4316448 -0.2122297 0.0065511 0.1250503 0.0195792 0.9919356
1544554299.282778 -2.0600951 0.4415089 -0.2223246 0.0080328 0.1293313 0.0181274 0.9914032
1544554300.853994 -1.7751862 0.5501234 -0.2802998 0.0095620 0.1520759 0.0236188 0.9880403
1544554301.938185 -1.6102016 0.5531160 -0.3010658 0.0092751 0.1365683 0.0158296 0.9904608
1544554302.265934 -1.5649593 0.5431587 -0.2896591 0.0067850 0.1244056 0.0137980 0.9921123
1544554303.985226 -1.3285986 0.6299156 -0.3488897 0.0140507 0.1240223 0.0138010 0.9920840
1544554304.294070 -1.3160306 0.6338052 -0.3761649 0.0105995 0.1375565 0.0160033 0.9903079
1544554304.606187 -1.2913436 0.6328594 -0.3882332 0.0074237 0.1219871 0.0143500 0.9924002
1544554304.889142 -1.2431736 0.6278032 -0.4037709 0.0055042 0.1133551 0.0151886 0.9934232
1544554305.592443 -1.1597958 0.6145298 -0.4287064 0.0062315 0.1104756 0.0142569 0.9937571
1544554305.933778 -1.1127181 0.6216429 -0.4371853 0.0072750 0.1108500 0.0148201 0.9937000
1544554306.326400 -1.0453345 0.6357778 -0.4528246 0.0079735 0.1093287 0.0158936 0.9938466
1544554307.401459 -0.8387049 0.6576368 -0.5012144 0.0075697 0.1106028 0.0147230 0.9937268
1544554307.761016 -0.7823011 0.6618466 -0.5141547 0.0069022 0.1112545 0.0141599 0.9936671
1544554308.148114 -0.7380408 0.6672588 -0.5227177 0.0057670 0.1182179 0.0144169 0.9928663
1544554308.478559 -0.7129700 0.6744198 -0.5241879 0.0052763 0.1218744 0.0147540 0.9924219
1544554308.855879 -0.6582152 0.6838177 -0.5370358 0.0051011 0.1354274 0.0211263 0.9905488
1544554309.240920 -0.5945932 0.6993505 -0.5435954 0.0050597 0.1596528 0.0266806 0.9867997
1544554309.539042 -0.5304351 0.6979579 -0.5426346 0.0027459 0.1543272 0.0272332 0.9876406
1544554309.856481 -0.4835322 0.7215459 -0.5547033 0.0080339 0.1432169 0.0225259 0.9894023
