1544878919.110117 0 1.0457141 0 0.0253127 -0.6236947 -0.1270906 0.7708516
1544878920.752604 0.0429854469456 0.9880043 0.247643571378 0.0224971 -0.6507711 -0.1316782 0.7474301
1544878921.000191 0.0513313041847 0.9766044 0.283499999786 0.0231852 -0.6490345 -0.1333497 0.7486217
1544878922.065160 0.0279428695051 0.9117222 0.536891407811 0.0229138 -0.6653294 -0.1368809 0.7335362
1544878922.325015 0.0314189348415 0.8990209 0.603054304965 0.0244185 -0.6695518 -0.1374442 0.7295294
1544878922.593475 0.0399511821723 0.8823403 0.664865458326 0.0257437 -0.6687517 -0.1394976 0.7298279
1544878922.885419 0.0453017971843 0.8571175 0.730919813076 0.0257239 -0.6664723 -0.1386269 0.7320762
1544878923.477270 0.0378559249801 0.8308437 0.819636409246 0.0249669 -0.6748765 -0.1429524 0.7235212
1544878923.817258 0.0318305247274 0.7977242 0.935911014467 0.0235935 -0.6622659 -0.1373047 0.7362028
1544878924.141098 0.0305566033068 0.7941309 0.995324767055 0.0243004 -0.6562217 -0.1346659 0.7420564
1544878924.454774 0.0385689601416 0.7739393 1.0766135048 0.0237186 -0.6555858 -0.1342296 0.7427160
1544878925.412874 0.0491344462976 0.6927488 1.29889268551 0.0231204 -0.6371614 -0.1310339 0.7591581
1544878926.899446 0.0197434549091 0.6473694 1.3534959117 0.0246627 -0.6199702 -0.1296876 0.7734402
1544878927.249331 0.00913068984125 0.6427618 1.42357432252 0.0211319 -0.6279635 -0.1285573 0.7672603
1544878927.624759 0.00900284517953 0.6559305 1.48953412726 0.0227038 -0.6432959 -0.1314553 0.7539061
1544878928.044569 0.0153236494113 0.6501786 1.53597367639 0.0231421 -0.6576059 -0.1346011 0.7408788
1544878928.434417 -0.0188909931437 0.6065232 1.6094117647 0.0246917 -0.6981522 -0.1482859 0.6999893
1544878928.831623 -0.0511872348464 0.5795069 1.59003275174 0.0274189 -0.7344776 -0.1593319 0.6590935
1544878929.199046 -0.109728844373 0.5966585 1.57115625104 0.0269663 -0.7827170 -0.1726374 0.5973468
1544878930.142636 -0.21360410018 0.5992320 1.56134078845 -0.0310914 0.8932443 0.1951389 -0.4038177
1544878931.293005 -0.263512748913 0.6173704 1.63013385009 -0.0357613 0.9672853 0.2148656 -0.1300503
1544878931.504803 -0.290058239493 0.6004741 1.63296194226 -0.0348205 0.9679915 0.2154884 -0.1238739
1544878931.642264 -0.308189232856 0.5897186 1.63661995256 -0.0330748 0.9669401 0.2141106 -0.1344972
1544878931.937120 -0.359537222423 0.5912305 1.63501720992 -0.0298665 0.9669943 0.2146297 -0.1340301
1544878932.326756 -0.421975693463 0.6107659 1.64003290667 -0.0291954 0.9686517 0.2140160 -0.1227141
1544878932.810764 -0.49926910426 0.5861530 1.63435770444 -0.0290982 0.9680851 0.2139116 -0.1273040
1544878933.092978 -0.532853144833 0.6122161 1.65373090185 -0.0287936 0.9720790 0.2131115 -0.0938972
1544878933.261927 -0.566804335798 0.5999804 1.66193868229 -0.0304583 0.9709594 0.2126845 -0.1052399
1544878934.159088 -0.740146057139 0.5671923 1.67562263092 -0.0293636 0.9733109 0.2134823 -0.0789240
1544878934.344342 -0.754670563376 0.5675662 1.67529973448 -0.0316785 0.9744681 0.2143856 -0.0587140
1544878934.542806 -0.777469113794 0.5547618 1.66510417789 -0.0325939 0.9745040 0.2155194 -0.0532068
1544878934.745378 -0.810172372005 0.5336455 1.66331266639 -0.0312717 0.9753222 0.2151058 -0.0387072
1544878935.699942 -0.99051285664 0.5409106 1.65972305524 -0.0322580 0.9752373 0.2163875 -0.0323744
1544878937.208667 -1.08448767751 0.5259236 1.62129883407 -0.0322158 0.9752733 0.2168815 -0.0276886
1544878937.458619 -1.11485036352 0.5182395 1.64188458592 -0.0296922 0.9757736 0.2159606 -0.0185785
1544878937.784068 -1.19685941219 0.5204523 1.6423729332 -0.0251657 0.9755627 0.2175572 -0.0176916
1544878938.338399 -1.25535388469 0.5300404 1.64220493882 -0.0297337 0.9723254 0.2162634 -0.0832420
1544878938.935452 -1.3293109461 0.5214892 1.66989347146 -0.0278269 0.9741657 0.2152323 -0.0624658
1544878939.138780 -1.39095380337 0.5207193 1.67104330939 -0.0239327 0.9747986 0.2175765 -0.0430732
1544878939.409922 -1.42919962643 0.5144397 1.66946711755 -0.0257700 0.9755018 0.2170540 -0.0248940
1544878939.619621 -1.45151870482 0.5077780 1.67047580962 -0.0287402 0.9747009 0.2174311 -0.0430786
1544878939.816823 -1.47607592776 0.5025261 1.66910520551 -0.0290528 0.9739307 0.2170299 -0.0592705
1544878940.395344 -1.57652755266 0.4939497 1.69468913555 -0.0265866 0.9739103 0.2155108 -0.0659315
1544878940.594872 -1.61710188199 0.4784604 1.70082494814 -0.0253967 0.9735805 0.2178184 -0.0636476
1544878940.845255 -1.67431381188 0.4800493 1.69889936814 -0.0262487 0.9742986 0.2161541 -0.0577114
1544878941.027286 -1.70371303019 0.4776716 1.70076859365 -0.0270744 0.9750165 0.2168944 -0.0395806
1544878941.231655 -1.72117695944 0.4720814 1.70785541445 -0.0285877 0.9753156 0.2177168 -0.0232712
1544878941.800761 -1.77393980996 0.4542716 1.73075249988 -0.0315222 0.9725530 0.2167872 -0.0784248
1544878942.249437 -1.8607494487 0.4088852 1.78607525233 -0.0303991 0.9722198 0.2197593 -0.0746352
1544878942.455743 -1.88648631995 0.4042997 1.78709748951 -0.0313758 0.9715616 0.2199172 -0.0819755
1544878942.659598 -1.91714057342 0.4021518 1.7852525414 -0.0316010 0.9709213 0.2225349 -0.0824098
1544878942.848821 -1.95982085602 0.4028044 1.78644466176 -0.0311546 0.9705678 0.2225951 -0.0864813
1544878943.015484 -1.99336203065 0.4026675 1.78989367907 -0.0299135 0.9706803 0.2220161 -0.0871424
1544878943.160921 -2.01259111884 0.3988728 1.79103697319 -0.0307710 0.9717830 0.2225775 -0.0717649
1544878943.585418 -2.06458607776 0.3884293 1.7996238353 -0.0334274 0.9722632 0.2229754 -0.0622003
1544878943.792038 -2.09270893519 0.3679603 1.798978314 -0.0348139 0.9707096 0.2239327 -0.0797805
1544878944.145375 -2.16473360414 0.3444493 1.79265496815 -0.0308238 0.9709271 0.2271424 -0.0689687
1544878944.484331 -2.24849512564 0.3272813 1.78523806421 -0.0317895 0.9711659 0.2280229 -0.0619020
1544878944.647649 -2.27915569696 0.3319067 1.79519015289 -0.0321699 0.9705396 0.2254172 -0.0787725
1544878944.811750 -2.30298056949 0.3302254 1.80451493469 -0.0329156 0.9702325 0.2248601 -0.0836857
1544878944.965863 -2.33483324802 0.3281839 1.82287755964 -0.0330637 0.9701840 0.2233603 -0.0880908
1544878945.495036 -2.46068119474 0.3259003 1.82207078134 -0.0309392 0.9706605 0.2254635 -0.0776350
1544878945.741057 -2.48646555362 0.3238464 1.82235972826 -0.0308879 0.9719375 0.2266476 -0.0549024
1544878946.086553 -2.51751261871 0.3334944 1.83449127628 -0.0330776 0.9706230 0.2279421 0.0695649
1544878946.249792 -2.52017445277 0.3286405 1.82567298149 -0.0336703 0.9668292 0.2286127 0.1088296
1544878946.425559 -2.52212065103 0.3309662 1.81725488864 -0.0333763 0.9647251 0.2286739 0.1260943
1544878946.632977 -2.54170047999 0.3298505 1.81646758059 -0.0318038 0.9600241 0.2270119 0.1606482
1544878946.813858 -2.56149841198 0.3343732 1.81511668553 -0.0293652 0.9527127 0.2257469 0.2012823
1544878947.074175 -2.58125292718 0.3391168 1.79913230805 -0.0274142 0.9381443 0.2239523 0.2626386
1544878947.210004 -2.57546329931 0.3336185 1.79670198309 -0.0281836 0.9223167 0.2201900 0.3163130
1544878947.380009 -2.58542079031 0.3184309 1.77831394811 -0.0263821 0.9068051 0.2191635 0.3591321
1544878947.700037 -2.61544008115 0.3199373 1.76549198777 -0.0225908 0.8902773 0.2144490 0.4011329
1544878948.174518 -2.62834424537 0.3010675 1.75203048747 -0.0200359 0.8504303 0.2073936 0.4830680
1544878948.367106 -2.63110093604 0.3017682 1.74623356896 -0.0171595 0.8262663 0.2025972 0.5253036
1544878949.444047 -2.59318939987 0.3082346 1.63054676071 -0.0135830 0.7881805 0.1964662 0.5830849
1544878949.699593 -2.59121387618 0.3072892 1.58015088583 -0.0110932 0.7723919 0.1920612 0.6053100
1544878950.410007 -2.58066198533 0.3219777 1.50095619556 -0.0090404 0.7421227 0.1841929 0.6443952
1544878950.604165 -2.59104923648 0.3240025 1.48677313144 -0.0077309 0.7340237 0.1818609 0.6542752
1544878950.872481 -2.5865035192 0.3306431 1.41863665723 -0.0057861 0.7307269 0.1827265 0.6577353
1544878951.723761 -2.60229705609 0.4050056 1.19740619872 -0.0015142 0.7293072 0.1797934 0.6601386
1544878952.001360 -2.60456698556 0.4149007 1.16119817796 -0.0016851 0.7143773 0.1767738 0.6770622
1544878952.257851 -2.59399354539 0.4273049 1.12290997641 -0.0031437 0.7097417 0.1764962 0.6819867
1544878953.261213 -2.58025758052 0.5016230 0.932758865778 0.0012731 0.7098794 0.1770555 0.6817045
1544878954.501803 -2.56099591233 0.5305858 0.774204950972 -0.0031091 0.6947196 0.1708098 0.6986982
1544878954.830358 -2.55521560154 0.5269889 0.760784176359 -0.0017657 0.6809549 0.1675213 0.7129052
1544878955.471843 -2.49160332772 0.5404087 0.670712345225 0.0004654 0.6908790 0.1722151 0.7021595
1544878956.085271 -2.48022323182 0.5904359 0.476354572853 0.0058846 0.6925289 0.1731429 0.7002790
1544878956.419253 -2.49376099451 0.6330675 0.41180640007 0.0042655 0.7177526 0.1759989 0.6736746
1544878956.708953 -2.50302927142 0.6530797 0.365675114612 0.0025453 0.7290058 0.1777071 0.6610328
1544878957.007465 -2.50125101658 0.6255636 0.255511505882 0.0034085 0.7300881 0.1794032 0.6593741
1544878957.307962 -2.47382005021 0.5570712 0.155429773201 0.0018100 0.7361359 0.1838551 0.6513816
1544878958.584885 -2.43173385743 0.4424418 0.0519079212449 -0.0002366 0.7504198 0.1850684 0.6345233
1544878959.047852 -2.41645860525 0.4538678 0.0264241415403 0.0020076 0.6856070 0.1713482 0.7075160
1544878963.202971 -2.44575864563 0.4509448 0.0711273601166 0.0284703 0.1468452 0.0381555 0.9880132
1544878963.684876 -2.43285766687 0.4489489 0.0518767629018 0.0298625 0.1390611 0.0397005 0.9890370
1544878963.846664 -2.43308723134 0.4485313 0.0515796412312 0.0289028 0.1288226 0.0371898 0.9905485
1544878965.292510 -2.3076130181 0.4609384 0.0268670864672 0.0150349 0.5422339 0.1434552 0.8277541
1544878965.745421 -2.29427151428 0.4761109 0.00772499325384 0.0139910 0.5939409 0.1536114 0.7895834
1544878966.652192 -2.35051671036 0.4501078 0.0626397058379 0.0188149 0.3929388 0.1020357 0.9136924
1544878972.218763 -2.38463913336 0.4793714 0.0344842901826 0.0314773 0.0380457 0.0179117 0.9986195
1544878972.673220 -2.33468238314 0.4892558 0.0340068701888 0.0299623 0.0629272 0.0262382 0.9972231
1544878972.830972 -2.30739318702 0.4998553 0.0234692348996 0.0301661 0.0584701 0.0250882 0.9975178
1544878973.188920 -2.24630697105 0.5174049 0.0448981079516 0.0276238 0.0581780 0.0265893 0.9975697
1544878973.862456 -2.05965556454 0.5249079 0.0482933408438 0.0287600 0.0672796 0.0291224 0.9968943
1544878975.294793 -1.69233153256 0.6724244 0.0463553393449 0.0337984 0.0964356 0.0375414 0.9940566
1544878975.659879 -1.59940489645 0.6990865 0.0550189168381 0.0300305 0.0786375 0.0282259 0.9960510
1544878976.023588 -1.50696158129 0.6844792 0.0824966834594 0.0283789 0.0725240 0.0261602 0.9966196
1544878976.751232 -1.3722854869 0.7090753 0.0747691953882 0.0331310 0.0684999 0.0228363 0.9968393
1544878979.174845 -0.950710253589 0.8265834 0.0435768903822 0.0311966 0.0622007 0.0204662 0.9973660
1544878979.492793 -0.889726202207 0.8270332 0.0344822851865 0.0298105 0.0435255 0.0193220 0.9984205
1544878979.821544 -0.826018023715 0.8207530 0.029073601215 0.0292257 0.0415881 0.0193126 0.9985206
1544878980.148477 -0.788468082732 0.8117688 0.0234296784832 0.0293646 0.0431670 0.0179088 0.9984757
1544878980.469868 -0.713172760548 0.8117986 0.0228577473586 0.0305796 0.0447618 0.0206526 0.9983159
1544878981.118411 -0.569616747609 0.8410931 0.0187730906902 0.0313579 0.0425497 0.0214442 0.9983718
1544878981.524549 -0.454519425089 0.8686336 0.0151830991667 0.0316237 0.0404688 0.0212589 0.9984539
1544878981.891136 -0.354443609281 0.8668680 0.00783699510351 0.0316157 0.0402970 0.0201938 0.9984832
1544878982.247122 -0.287996252169 0.8770330 0.0093580656521 0.0313832 0.0430063 0.0178428 0.9984223
1544878982.590985 -0.203114760004 0.8837440 0.00389212883544 0.0313903 0.0481246 0.0194826 0.9981579
1544878982.951953 -0.146899161121 0.8865323 0.00657370096016 0.0293809 0.0558701 0.0201365 0.9978025
1544878983.671774 -0.0209779699874 0.9164441 0.00848021972709 0.0282468 0.0725670 0.0289134 0.9965441
1544878984.052715 0.0619375391982 0.9340665 0.0198342424813 0.0279999 0.0956409 0.0343114 0.9944302
1544878984.300941 0.13298925912 0.9399820 0.0364681984446 0.0277642 0.0895225 0.0348401 0.9949880
1544878984.671982 0.197492360179 0.9666242 0.024732446479 0.0316904 0.0796434 0.0286083 0.9959087
