1544555145.123015 0 0.9941098 0 0.0280261 -0.6303309 -0.1210497 0.7663189
1544555145.428825 0.00350389769927 0.9874740 0.0166453252946 0.0270100 -0.6333801 -0.1203425 0.7639489
1544555145.760434 0.0074706024176 0.9703709 0.0644217501111 0.0254619 -0.6426376 -0.1205944 0.7561915
1544555147.976869 0.00554868545464 0.8660540 0.517208935953 0.0255457 -0.6729215 -0.1318076 0.7274275
1544555148.302836 0.00798412414998 0.8516729 0.59471764245 0.0273045 -0.6759957 -0.1325067 0.7243799
1544555148.764479 0.018321191 0.8167376 0.693048154474 0.0281988 -0.6769019 -0.1351912 0.7230020
1544555149.052947 0.00981458813794 0.8076864 0.737644557963 0.0284136 -0.6710820 -0.1336173 0.7286893
1544555149.384061 0.00302264680364 0.7845338 0.798330128187 0.0279578 -0.6821091 -0.1388018 0.7174118
1544555149.701077 -0.00406249558561 0.7596048 0.882806274581 0.0257810 -0.6729227 -0.1336120 0.7270889
1544555150.694087 -0.00169467232342 0.7131554 1.10475592942 0.0247915 -0.6607639 -0.1285849 0.7390821
1544555152.938303 -0.0501495872385 0.6088079 1.31570392614 0.0244976 -0.6282446 -0.1239370 0.7676901
1544555153.332331 -0.0551061168985 0.6242636 1.3842004862 0.0246697 -0.6419240 -0.1253967 0.7560428
1544555153.725090 -0.0520852304243 0.6223869 1.45105447341 0.0254328 -0.6610520 -0.1294966 0.7386433
1544555154.114093 -0.0653233132448 0.5934739 1.52005747573 0.0254205 -0.6858665 -0.1366393 0.7143323
1544555154.509519 -0.0979489920582 0.5755864 1.5226393854 0.0293528 -0.7261619 -0.1504384 0.6702206
1544555154.948262 -0.141848536162 0.5598865 1.50589456895 0.0310341 -0.7615058 -0.1605503 0.6271916
1544555155.329465 -0.1971849184 0.5710756 1.47043976924 0.0317287 -0.8185689 -0.1757803 0.5459300
1544555156.453197 -0.303980583452 0.5929725 1.50285616791 -0.0374049 0.9306701 0.1978623 -0.3054581
1544555156.889829 -0.319393762838 0.6062284 1.52185351144 -0.0394342 0.9626800 0.2067863 -0.1700929
1544555157.081050 -0.325840381841 0.6033001 1.52690868805 -0.0410247 0.9684041 0.2091461 -0.1294927
1544555157.221035 -0.335141553681 0.5935785 1.52912286311 -0.0411161 0.9697000 0.2102137 -0.1174805
1544555157.412424 -0.358464656679 0.5818974 1.52965354013 -0.0392890 0.9706413 0.2097396 -0.1110010
1544555157.587739 -0.379554939094 0.5688084 1.53122919675 -0.0384870 0.9691716 0.2086268 -0.1252992
1544555157.756108 -0.403991112044 0.5693837 1.52376423753 -0.0365198 0.9682131 0.2092955 -0.1320043
1544555158.399811 -0.497956405801 0.5842070 1.51944699414 -0.0369109 0.9709725 0.2080644 -0.1120676
1544555158.567407 -0.522469132558 0.5676250 1.51408014676 -0.0369703 0.9712621 0.2079839 -0.1096624
1544555158.750974 -0.560781157911 0.5720494 1.51417579772 -0.0352480 0.9705459 0.2088310 -0.1148384
1544555159.405094 -0.659177155641 0.5625693 1.52609206645 -0.0349609 0.9729685 0.2089242 -0.0919828
1544555160.144146 -0.784587471188 0.5517329 1.53348677635 -0.0360108 0.9752522 0.2092635 -0.0616053
1544555160.356834 -0.801991705004 0.5460296 1.52641558943 -0.0391251 0.9757974 0.2101857 -0.0459424
1544555160.669618 -0.843639879859 0.5207241 1.51753712658 -0.0376683 0.9765527 0.2102680 -0.0267094
1544555160.971207 -0.922213475416 0.5033134 1.5054449722 -0.0346624 0.9767014 0.2107081 -0.0213294
1544555161.291087 -0.994028094975 0.5255423 1.50350182142 -0.0350056 0.9757515 0.2100708 -0.0505365
1544555161.606945 -1.01076257564 0.5252463 1.50492342496 -0.0384889 0.9764052 0.2114351 -0.0211347
1544555162.563847 -1.07199672652 0.5155040 1.48835235915 -0.0361324 0.9757491 0.2123853 -0.0387368
1544555162.902184 -1.08163190225 0.5180517 1.45514182213 -0.0392793 0.9756602 0.2124542 -0.0375171
1544555163.603427 -1.17429574581 0.5071573 1.47464976965 -0.0328564 0.9765018 0.2129837 -0.0016120
1544555164.899739 -1.3388610992 0.5059793 1.48836123029 -0.0335253 0.9757050 0.2123420 -0.0422692
1544555165.517940 -1.42670046577 0.4974953 1.48223210187 -0.0352230 0.9762508 0.2126320 -0.0219379
1544555165.806992 -1.46918042037 0.4912758 1.47664446724 -0.0365767 0.9752686 0.2109992 -0.0547047
1544555166.079383 -1.50726303259 0.4905874 1.48235718751 -0.0344248 0.9751710 0.2102788 -0.0603266
1544555166.320631 -1.54700212415 0.4860958 1.49163680923 -0.0331933 0.9755881 0.2103117 -0.0538049
1544555166.761442 -1.63450721456 0.4755487 1.4873560485 -0.0327649 0.9759923 0.2103053 -0.0462290
1544555167.005530 -1.6697941679 0.4733502 1.49101932775 -0.0331638 0.9768346 0.2103641 -0.0210071
1544555167.209197 -1.68254443233 0.4714599 1.49746349097 -0.0366364 0.9770055 0.2097052 -0.0119044
1544555167.473897 -1.7086033084 0.4618700 1.50344145825 -0.0391485 0.9764076 0.2105675 -0.0275128
1544555167.773542 -1.76236229264 0.4524153 1.49587586468 -0.0360123 0.9751195 0.2118221 -0.0545560
1544555168.898097 -1.94098973289 0.4421887 1.49038235298 -0.0340374 0.9751821 0.2119348 -0.0542687
1544555169.087870 -1.95971967901 0.4404228 1.4881699116 -0.0348527 0.9758806 0.2120190 -0.0386039
1544555169.261763 -1.98530781563 0.4388976 1.48777826823 -0.0354885 0.9765146 0.2114677 -0.0210046
1544555169.483656 -1.99965024516 0.4371428 1.48683113902 -0.0379705 0.9763413 0.2109321 -0.0286974
1544555169.717169 -2.02182583787 0.4226693 1.48213503869 -0.0374344 0.9753652 0.2121486 -0.0474807
1544555169.911306 -2.05141600097 0.4131151 1.47476734976 -0.0354382 0.9753986 0.2124503 -0.0469740
1544555170.352439 -2.12674039185 0.4011890 1.45553119716 -0.0343947 0.9758774 0.2139031 -0.0269391
1544555170.569395 -2.15586157688 0.4020650 1.46210643943 -0.0360783 0.9753593 0.2117109 -0.0505087
1544555170.749261 -2.17822391563 0.4006748 1.4706204315 -0.0356393 0.9752793 0.2106301 -0.0565255
1544555170.919896 -2.20167374757 0.4013081 1.47839844165 -0.0360783 0.9749463 0.2098752 -0.0642686
1544555171.104539 -2.23276065285 0.4017172 1.47946790898 -0.0357801 0.9746774 0.2109145 -0.0651054
1544555171.280162 -2.26430311641 0.3999833 1.47299828326 -0.0346265 0.9747458 0.2122780 -0.0600800
1544555171.445863 -2.28869025494 0.3990228 1.46912175272 -0.0348772 0.9751476 0.2126603 -0.0514421
1544555171.624330 -2.30351653767 0.3994529 1.46822524556 -0.0358106 0.9760793 0.2130189 -0.0246918
1544555171.811756 -2.31896130795 0.4034758 1.47357771289 -0.0370298 0.9755423 0.2141179 0.0331585
1544555172.236492 -2.32553740767 0.4057943 1.46331993408 -0.0397543 0.9666998 0.2147690 0.1333619
1544555172.451426 -2.32861926856 0.4035624 1.45967626696 -0.0402200 0.9620874 0.2145498 0.1635195
1544555172.674087 -2.34872669605 0.4069774 1.45784291271 -0.0377748 0.9526933 0.2125121 0.2139791
1544555172.901544 -2.36088843115 0.4077557 1.45182444557 -0.0365777 0.9384850 0.2108253 0.2710364
1544555173.080034 -2.36032342472 0.4079563 1.44376351485 -0.0382658 0.9243661 0.2084988 0.3171929
1544555173.220755 -2.36214635862 0.4004339 1.43853835237 -0.0379324 0.9069862 0.2056832 0.3655565
1544555173.368029 -2.37017336092 0.3943744 1.42374365473 -0.0358200 0.8981221 0.2038497 0.3879935
1544555174.103880 -2.39370951073 0.3833197 1.41158367171 -0.0320083 0.8411022 0.1928629 0.5043079
1544555174.435742 -2.39450421036 0.3786669 1.40319037003 -0.0304821 0.8125203 0.1878161 0.5510051
1544555174.757593 -2.39776671761 0.3775560 1.37516688597 -0.0302295 0.8142400 0.1881352 0.5483654
1544555175.083043 -2.37550843555 0.3831331 1.35587059486 -0.0297762 0.8038850 0.1858481 0.5642188
1544555175.434626 -2.35893278027 0.3856024 1.32381327061 -0.0281155 0.7830336 0.1815079 0.5942413
1544555176.449231 -2.35188736389 0.3926039 1.23676557635 -0.0247959 0.7353025 0.1687101 0.6559362
1544555176.695698 -2.35415453021 0.3928338 1.20864969035 -0.0231003 0.7251496 0.1679402 0.6673983
1544555177.106067 -2.35657953137 0.4076392 1.10213431441 -0.0191248 0.7296368 0.1709878 0.6618364
1544555177.481570 -2.36084571615 0.4241668 1.02918158474 -0.0193920 0.7399629 0.1718834 0.6500268
1544555178.677030 -2.33255901265 0.4730834 0.883481902118 -0.0220065 0.7244001 0.1685948 0.6680838
1544555180.039923 -2.3322319603 0.5218247 0.66361334035 -0.0206468 0.7117081 0.1651637 0.6824707
1544555180.443159 -2.31862647197 0.5214940 0.645574192387 -0.0224752 0.6998408 0.1615134 0.6954359
1544555180.870560 -2.29957488756 0.5166801 0.620090072608 -0.0197426 0.6891114 0.1595546 0.7065961
1544555181.915460 -2.24607273875 0.5543689 0.409008663637 -0.0135563 0.6945333 0.1640976 0.7003654
1544555182.222908 -2.25719790767 0.5838176 0.351009436708 -0.0148876 0.7161205 0.1649831 0.6780342
1544555182.835460 -2.27305630774 0.5986528 0.237248190183 -0.0163047 0.7293680 0.1682422 0.6629111
1544555183.504498 -2.23904247591 0.4815000 0.0901701144774 -0.0189149 0.7473992 0.1696956 0.6420592
1544555184.170624 -2.23007075535 0.4180364 0.0554095771072 -0.0201680 0.7751355 0.1704525 0.6080331
1544555184.612663 -2.20978793912 0.4270989 0.0335678265658 -0.0175029 0.7400107 0.1687180 0.6508548
1544555187.690479 -2.1491307381 0.3917542 0.0366980614621 -0.0073539 0.4376462 0.1051531 0.8929471
1544555189.673995 -2.22238452108 0.4219162 0.034448413006 0.0056676 0.1449885 0.0420148 0.9885246
1544555191.426019 -2.09950839558 0.4400122 0.00976564761618 -0.0060928 0.5740175 0.1394333 0.8068613
1544555191.918442 -2.11102624526 0.4419976 0.0112150161567 -0.0068389 0.5649151 0.1348266 0.8140307
1544555193.374328 -2.16993554852 0.4185436 0.0582174906822 -0.0020045 0.2948952 0.0750948 0.9525721
1544555198.099079 -2.18862480374 0.4391795 0.012075229528 0.0066859 0.0472664 0.0243644 0.9985628
1544555198.205077 -2.17261979972 0.4442279 0.0157364897415 0.0068746 0.0541716 0.0268547 0.9981468
1544555198.740559 -2.1198332691 0.4594419 0.0083203182532 0.0053282 0.0703126 0.0312029 0.9970226
1544555198.955069 -2.09232814122 0.4703459 0.0177441084698 0.0035384 0.0659264 0.0304247 0.9973543
1544555199.407524 -1.99782767417 0.4802067 0.02997320226 0.0035462 0.0756315 0.0344283 0.9965350
1544555199.924170 -1.87610524527 0.4936618 0.0395200395576 0.0043903 0.0751509 0.0332801 0.9966070
1544555202.193298 -1.36526059022 0.6483889 0.0599634783536 0.0060368 0.0876656 0.0332602 0.9955763
1544555202.561771 -1.32147224179 0.6522862 0.0458907333413 0.0062124 0.0821309 0.0297571 0.9961578
1544555202.928431 -1.26499497493 0.6373298 0.0724907726638 0.0029391 0.0719417 0.0285428 0.9969960
1544555203.651584 -1.13667016051 0.6705547 0.114541934544 0.0041896 0.0677849 0.0311534 0.9972047
1544555205.438977 -0.870030726107 0.7597153 0.00692778817847 0.0032988 0.0568575 0.0278462 0.9979885
1544555205.786235 -0.80089406645 0.7543806 0.00394148130269 0.0033897 0.0538010 0.0272740 0.9981734
1544555206.177068 -0.755089598799 0.7441139 -0.0033829680391 0.0031865 0.0552726 0.0273407 0.9980918
1544555206.580671 -0.67530874063 0.7536565 -0.00398841198537 0.0044298 0.0568321 0.0288110 0.9979581
1544555206.931836 -0.604870073869 0.7683495 -0.00492955901421 0.0047191 0.0557209 0.0296268 0.9979956
1544555207.988346 -0.346873073835 0.8055645 -0.00733609645105 0.0050295 0.0598986 0.0288790 0.9977739
1544555208.392526 -0.272885492117 0.8161030 -0.0147198512285 0.0049708 0.0585474 0.0279493 0.9978809
1544555209.173410 -0.178764977178 0.8351065 -0.00969388251286 0.0020008 0.0724293 0.0290920 0.9969472
1544555209.525954 -0.114989856747 0.8465531 -0.00966791571131 0.0020247 0.0846485 0.0351725 0.9957879
1544555209.896313 -0.0371992292414 0.8701656 -0.00374186538165 0.0021082 0.1093231 0.0418962 0.9931207
1544555210.179264 0.0215696109168 0.8752922 0.00649834361961 0.0013966 0.1079625 0.0416205 0.9932824
