1544878919.110117 -0.5585655 1.0457141 -0.9889106 0.0253127 -0.6236947 -0.1270906 0.7708516
1544878920.752604 -0.5026783 0.9880043 -0.7438561 0.0224971 -0.6507711 -0.1316782 0.7474301
1544878921.000191 -0.4924673 0.9766044 -0.7084856 0.0231852 -0.6490345 -0.1333497 0.7486217
1544878922.065160 -0.5025622 0.9117222 -0.4542174 0.0229138 -0.6653294 -0.1368809 0.7335362
1544878922.325015 -0.4956282 0.8990209 -0.3883271 0.0244185 -0.6695518 -0.1374442 0.7295294
1544878922.593475 -0.4838727 0.8823403 -0.3270472 0.0257437 -0.6687517 -0.1394976 0.7298279
1544878922.885419 -0.4750724 0.8571175 -0.2613634 0.0257239 -0.6664723 -0.1386269 0.7320762
1544878923.477270 -0.4778650 0.8308437 -0.1723787 0.0249669 -0.6748765 -0.1429524 0.7235212
1544878923.817258 -0.4777968 0.7977242 -0.0559481 0.0235935 -0.6622659 -0.1373047 0.7362028
1544878924.141098 -0.4759595 0.7941309 0.0034509 0.0243004 -0.6562217 -0.1346659 0.7420564
1544878924.454774 -0.4637038 0.7739393 0.0842089 0.0237186 -0.6555858 -0.1342296 0.7427160
1544878925.412874 -0.4415196 0.6927488 0.3056305 0.0231204 -0.6371614 -0.1310339 0.7591581
1544878926.899446 -0.4680126 0.6473694 0.3616971 0.0246627 -0.6199702 -0.1296876 0.7734402
1544878927.249331 -0.4749432 0.6427618 0.4322349 0.0211319 -0.6279635 -0.1285573 0.7672603
1544878927.624759 -0.4716188 0.6559305 0.4981110 0.0227038 -0.6432959 -0.1314553 0.7539061
1544878928.044569 -0.4628762 0.6501786 0.5441561 0.0231421 -0.6576059 -0.1346011 0.7408788
1544878928.434417 -0.4932005 0.6065232 0.6192842 0.0246917 -0.6981522 -0.1482859 0.6999893
1544878928.831623 -0.5264667 0.5795069 0.6016220 0.0274189 -0.7344776 -0.1593319 0.6590935
1544878929.199046 -0.5859160 0.5966585 0.5858352 0.0269663 -0.7827170 -0.1726374 0.5973468
1544878930.142636 -0.6901626 0.5992320 0.5814696 -0.0310914 0.8932443 0.1951389 -0.4038177
1544878931.293005 -0.7364025 0.6173704 0.6527804 -0.0357613 0.9672853 0.2148656 -0.1300503
1544878931.504803 -0.7627636 0.6004741 0.6569939 -0.0348205 0.9679915 0.2154884 -0.1238739
1544878931.642264 -0.7806783 0.5897186 0.6615958 -0.0330748 0.9669401 0.2141106 -0.1344972
1544878931.937120 -0.8320398 0.5912305 0.6626826 -0.0298665 0.9669943 0.2146297 -0.1340301
1544878932.326756 -0.8941302 0.6107659 0.6709592 -0.0291954 0.9686517 0.2140160 -0.1227141
1544878932.810764 -0.9716147 0.5861530 0.6693370 -0.0290982 0.9680851 0.2139116 -0.1273040
1544878933.092978 -1.0041388 0.6122161 0.6904413 -0.0287936 0.9720790 0.2131115 -0.0938972
1544878933.261927 -1.0376139 0.5999804 0.7004147 -0.0304583 0.9709594 0.2126845 -0.1052399
1544878934.159088 -1.2100019 0.5671923 0.7231519 -0.0293636 0.9733109 0.2134823 -0.0789240
1544878934.344342 -1.2245234 0.5675662 0.7235896 -0.0316785 0.9744681 0.2143856 -0.0587140
1544878934.542806 -1.2478243 0.5547618 0.7146012 -0.0325939 0.9745040 0.2155194 -0.0532068
1544878934.745378 -1.2805765 0.5336455 0.7145237 -0.0312717 0.9753222 0.2151058 -0.0387072
1544878935.699942 -1.4608577 0.5409106 0.7203773 -0.0322580 0.9752373 0.2163875 -0.0323744
1544878937.208667 -1.5567147 0.5259236 0.6869240 -0.0322158 0.9752733 0.2168815 -0.0276886
1544878937.458619 -1.5859584 0.5182395 0.7090706 -0.0296922 0.9757736 0.2159606 -0.0185785
1544878937.784068 -1.6678295 0.5204523 0.7138503 -0.0251657 0.9755627 0.2175572 -0.0176916
1544878938.338399 -1.7262526 0.5300404 0.7167439 -0.0297337 0.9723254 0.2162634 -0.0832420
1544878938.935452 -1.7986592 0.5214892 0.7482651 -0.0278269 0.9741657 0.2152323 -0.0624658
1544878939.138780 -1.8601574 0.5207193 0.7526395 -0.0239327 0.9747986 0.2175765 -0.0430732
1544878939.409922 -1.8984333 0.5144397 0.7530671 -0.0257700 0.9755018 0.2170540 -0.0248940
1544878939.619621 -1.9206690 0.5077780 0.7552425 -0.0287402 0.9747009 0.2174311 -0.0430786
1544878939.816823 -1.9452643 0.5025261 0.7551590 -0.0290528 0.9739307 0.2170299 -0.0592705
1544878940.395344 -2.0442393 0.4939497 0.7859651 -0.0265866 0.9739103 0.2155108 -0.0659315
1544878940.594872 -2.0844369 0.4784604 0.7942160 -0.0253967 0.9735805 0.2178184 -0.0636476
1544878940.845255 -2.1416712 0.4800493 0.7952873 -0.0262487 0.9742986 0.2161541 -0.0577114
1544878941.027286 -2.1709323 0.4776716 0.7986926 -0.0270744 0.9750165 0.2168944 -0.0395806
1544878941.231655 -2.1880014 0.4720814 0.8066837 -0.0285877 0.9753156 0.2177168 -0.0232712
1544878941.800761 -2.2394936 0.4542716 0.8323108 -0.0315222 0.9725530 0.2167872 -0.0784248
1544878942.249437 -2.3232889 0.4088852 0.8921010 -0.0303991 0.9722198 0.2197593 -0.0746352
1544878942.455743 -2.3489370 0.4042997 0.8944688 -0.0313758 0.9715616 0.2199172 -0.0819755
1544878942.659598 -2.3796458 0.4021518 0.8942307 -0.0316010 0.9709213 0.2225349 -0.0824098
1544878942.848821 -2.4222052 0.4028044 0.8976549 -0.0311546 0.9705678 0.2225951 -0.0864813
1544878943.015484 -2.4555199 0.4026675 0.9028546 -0.0299135 0.9706803 0.2220161 -0.0871424
1544878943.160921 -2.4746628 0.3988728 0.9050027 -0.0307710 0.9717830 0.2225775 -0.0717649
1544878943.585418 -2.5261371 0.3884293 0.9162990 -0.0334274 0.9722632 0.2229754 -0.0622003
1544878943.792038 -2.5542552 0.3679603 0.9171262 -0.0348139 0.9707096 0.2239327 -0.0797805
1544878944.145375 -2.6265121 0.3444493 0.9145810 -0.0308238 0.9709271 0.2271424 -0.0689687
1544878944.484331 -2.7105470 0.3272813 0.9115580 -0.0317895 0.9711659 0.2280229 -0.0619020
1544878944.647649 -2.7406447 0.3319067 0.9231011 -0.0321699 0.9705396 0.2254172 -0.0787725
1544878944.811750 -2.7639489 0.3302254 0.9336600 -0.0329156 0.9702325 0.2248601 -0.0836857
1544878944.965863 -2.7947969 0.3281839 0.9536645 -0.0330637 0.9701840 0.2233603 -0.0880908
1544878945.495036 -2.9205146 0.3259003 0.9594452 -0.0309392 0.9706605 0.2254635 -0.0776350
1544878945.741057 -2.9462485 0.3238464 0.9610832 -0.0308879 0.9719375 0.2266476 -0.0549024
1544878946.086553 -2.9766181 0.3334944 0.9748230 -0.0330776 0.9706230 0.2279421 0.0695649
1544878946.249792 -2.9797378 0.3286405 0.9661561 -0.0336703 0.9668292 0.2286127 0.1088296
1544878946.425559 -2.9821219 0.3309662 0.9578514 -0.0333763 0.9647251 0.2286739 0.1260943
1544878946.632977 -3.0017161 0.3298505 0.9580899 -0.0318038 0.9600241 0.2270119 0.1606482
1544878946.813858 -3.0215576 0.3343732 0.9577770 -0.0293652 0.9527127 0.2257469 0.2012823
1544878947.074175 -3.0421216 0.3391168 0.9428484 -0.0274142 0.9381443 0.2239523 0.2626386
1544878947.210004 -3.0364671 0.3336185 0.9401184 -0.0281836 0.9223167 0.2201900 0.3163130
1544878947.380009 -3.0473733 0.3184309 0.9222767 -0.0263821 0.9068051 0.2191635 0.3591321
1544878947.700037 -3.0780225 0.3199373 0.9110434 -0.0225908 0.8902773 0.2144490 0.4011329
1544878948.174518 -3.0916135 0.3010675 0.8982757 -0.0200359 0.8504303 0.2073936 0.4830680
1544878948.367106 -3.0946698 0.3017682 0.8926310 -0.0171595 0.8262663 0.2025972 0.5253036
1544878949.444047 -3.0628648 0.3082346 0.7751186 -0.0135830 0.7881805 0.1964662 0.5830849
1544878949.699593 -3.0635295 0.3072892 0.7246884 -0.0110932 0.7723919 0.1920612 0.6053100
1544878950.410007 -3.0571368 0.3219777 0.6450500 -0.0090404 0.7421227 0.1841929 0.6443952
1544878950.604165 -3.0682521 0.3240025 0.6314300 -0.0077309 0.7340237 0.1818609 0.6542752
1544878950.872481 -3.0672786 0.3306431 0.5631490 -0.0057861 0.7307269 0.1827265 0.6577353
1544878951.723761 -3.0946288 0.4050056 0.3430483 -0.0015142 0.7293072 0.1797934 0.6601386
1544878952.001360 -3.0987906 0.4149007 0.3070087 -0.0016851 0.7143773 0.1767738 0.6770622
1544878952.257851 -3.0902355 0.4273049 0.2682196 -0.0031437 0.7097417 0.1764962 0.6819867
1544878953.261213 -3.0864701 0.5016230 0.0776102 0.0012731 0.7098794 0.1770555 0.6817045
1544878954.501803 -3.0755329 0.5305858 -0.0817345 -0.0031091 0.6947196 0.1708098 0.6986982
1544878954.830358 -3.0704629 0.5269889 -0.0954394 -0.0017657 0.6809549 0.1675213 0.7129052
1544878955.471843 -3.0116518 0.5404087 -0.1887170 0.0004654 0.6908790 0.1722151 0.7021595
1544878956.085271 -3.0104592 0.5904359 -0.3834040 0.0058846 0.6925289 0.1731429 0.7002790
1544878956.419253 -3.0273566 0.6330675 -0.4471552 0.0042655 0.7177526 0.1759989 0.6736746
1544878956.708953 -3.0390265 0.6530797 -0.4927382 0.0025453 0.7290058 0.1777071 0.6610328
1544878957.007465 -3.0430162 0.6255636 -0.6028439 0.0034085 0.7300881 0.1794032 0.6593741
1544878957.307962 -3.0208607 0.5570712 -0.7042241 0.0018100 0.7361359 0.1838551 0.6513816
1544878958.584885 -2.9842501 0.4424418 -0.8098067 -0.0002366 0.7504198 0.1850684 0.6345233
1544878959.047852 -2.9703295 0.4538678 -0.8360550 0.0020076 0.6856070 0.1713482 0.7075160
1544878963.202971 -2.9972498 0.4509448 -0.7898796 0.0284703 0.1468452 0.0381555 0.9880132
1544878963.684876 -2.9853740 0.4489489 -0.8097790 0.0298625 0.1390611 0.0397005 0.9890370
1544878963.846664 -2.9856188 0.4485313 -0.8100637 0.0289028 0.1288226 0.0371898 0.9905485
1544878965.292510 -2.8616099 0.4609384 -0.8413092 0.0150349 0.5422339 0.1434552 0.8277541
1544878965.745421 -2.8492885 0.4761109 -0.8611233 0.0139910 0.5939409 0.1536114 0.7895834
1544878966.652192 -2.9025826 0.4501078 -0.8033402 0.0188149 0.3929388 0.1020357 0.9136924
1544878972.218763 -2.9381318 0.4793714 -0.8296712 0.0314773 0.0380457 0.0179117 0.9986195
1544878972.673220 -2.8882685 0.4892558 -0.8327625 0.0299623 0.0629272 0.0262382 0.9972231
1544878972.830972 -2.8615682 0.4998553 -0.8447139 0.0301661 0.0584701 0.0250882 0.9975178
1544878973.188920 -2.7994442 0.5174049 -0.8265114 0.0276238 0.0581780 0.0265893 0.9975697
1544878973.862456 -2.6128709 0.5249079 -0.8328894 0.0287600 0.0672796 0.0291224 0.9968943
1544878975.294793 -2.2461517 0.6724244 -0.8540490 0.0337984 0.0964356 0.0375414 0.9940566
1544878975.659879 -2.1528990 0.6990865 -0.8502607 0.0300305 0.0786375 0.0282259 0.9960510
1544878976.023588 -2.0591443 0.6844792 -0.8276587 0.0283789 0.0725240 0.0261602 0.9966196
1544878976.751232 -1.9250572 0.7090753 -0.8424240 0.0331310 0.0684999 0.0228363 0.9968393
1544878979.174845 -1.5056922 0.8265834 -0.8956371 0.0311966 0.0622007 0.0204662 0.9973660
1544878979.492793 -1.4452677 0.8270332 -0.9079109 0.0298105 0.0435255 0.0193220 0.9984205
1544878979.821544 -1.3819299 0.8207530 -0.9166464 0.0292257 0.0415881 0.0193126 0.9985206
1544878980.148477 -1.3447268 0.8117688 -0.9242478 0.0293646 0.0431670 0.0179088 0.9984757
1544878980.469868 -1.2695646 0.8117986 -0.9287596 0.0305796 0.0447618 0.0206526 0.9983159
1544878981.118411 -1.1264191 0.8410931 -0.9403518 0.0313579 0.0425497 0.0214442 0.9983718
1544878981.524549 -1.0116674 0.8686336 -0.9499606 0.0316237 0.0404688 0.0212589 0.9984539
1544878981.891136 -0.9121132 0.8668680 -0.9625342 0.0316157 0.0402970 0.0201938 0.9984832
1544878982.247122 -0.8456773 0.8770330 -0.9644928 0.0313832 0.0430063 0.0178428 0.9984223
1544878982.590985 -0.7611982 0.8837440 -0.9743936 0.0313903 0.0481246 0.0194826 0.9981579
1544878982.951953 -0.7049193 0.8865323 -0.9746578 0.0293809 0.0558701 0.0201365 0.9978025
1544878983.671774 -0.5790709 0.9164441 -0.9793441 0.0282468 0.0725670 0.0289134 0.9965441
1544878984.052715 -0.4956748 0.9340665 -0.9723451 0.0279999 0.0956409 0.0343114 0.9944302
1544878984.300941 -0.4238499 0.9399820 -0.9594525 0.0277642 0.0895225 0.0348401 0.9949880
1544878984.671982 -0.3600494 0.9666242 -0.9745480 0.0316904 0.0796434 0.0286083 0.9959087
