1544555145.123015 -0.5014279 0.9941098 -0.9563577 0.0280261 -0.6303309 -0.1210497 0.7663189
1544555145.428825 -0.4964866 0.9874740 -0.9400811 0.0270100 -0.6333801 -0.1203425 0.7639489
1544555145.760434 -0.4883710 0.9703709 -0.8928322 0.0254619 -0.6426376 -0.1205944 0.7561915
1544555147.976869 -0.4508226 0.8660540 -0.4416005 0.0255457 -0.6729215 -0.1318076 0.7274275
1544555148.302836 -0.4416411 0.8516729 -0.3645990 0.0273045 -0.6759957 -0.1325067 0.7243799
1544555148.764479 -0.4227733 0.8167376 -0.2675436 0.0281988 -0.6769019 -0.1351912 0.7230020
1544555149.052947 -0.4273607 0.8076864 -0.2223755 0.0284136 -0.6710820 -0.1336173 0.7286893
1544555149.384061 -0.4288377 0.7845338 -0.1613289 0.0279578 -0.6821091 -0.1388018 0.7174118
1544555149.701077 -0.4285333 0.7596048 -0.0765567 0.0257810 -0.6729227 -0.1336120 0.7270889
1544555150.694087 -0.4068303 0.7131554 0.1443420 0.0247915 -0.6607639 -0.1285849 0.7390821
1544555152.938303 -0.4367155 0.6088079 0.3587104 0.0244976 -0.6282446 -0.1239370 0.7676901
1544555153.332331 -0.4356833 0.6242636 0.4273783 0.0246697 -0.6419240 -0.1253967 0.7560428
1544555153.725090 -0.4268472 0.6223869 0.4937146 0.0254328 -0.6610520 -0.1294966 0.7386433
1544555154.114093 -0.4340209 0.5934739 0.5636088 0.0254205 -0.6858665 -0.1366393 0.7143323
1544555154.509519 -0.4662974 0.5755864 0.5690244 0.0293528 -0.7261619 -0.1504384 0.6702206
1544555154.948262 -0.5114893 0.5598865 0.5561694 0.0310341 -0.7615058 -0.1605503 0.6271916
1544555155.329465 -0.5697052 0.5710756 0.5256724 0.0317287 -0.8185689 -0.1757803 0.5459300
1544555156.453197 -0.6732692 0.5929725 0.5672733 -0.0374049 0.9306701 0.1978623 -0.3054581
1544555156.889829 -0.6869680 0.6062284 0.5875417 -0.0394342 0.9626800 0.2067863 -0.1700929
1544555157.081050 -0.6929495 0.6033001 0.5931395 -0.0410247 0.9684041 0.2091461 -0.1294927
1544555157.221035 -0.7020223 0.5935785 0.5961559 -0.0411161 0.9697000 0.2102137 -0.1174805
1544555157.412424 -0.7252104 0.5818974 0.5987173 -0.0392890 0.9706413 0.2097396 -0.1110010
1544555157.587739 -0.7460831 0.5688084 0.6021251 -0.0384870 0.9691716 0.2086268 -0.1252992
1544555157.756108 -0.7710769 0.5693837 0.5968183 -0.0365198 0.9682131 0.2092955 -0.1320043
1544555158.399811 -0.8650609 0.5842070 0.6007071 -0.0369109 0.9709725 0.2080644 -0.1120676
1544555158.567407 -0.8899481 0.5676250 0.5974971 -0.0369703 0.9712621 0.2079839 -0.1096624
1544555158.750974 -0.9281060 0.5720494 0.6009315 -0.0352480 0.9705459 0.2088310 -0.1148384
1544555159.405094 -1.0250890 0.5625693 0.6213782 -0.0349609 0.9729685 0.2089242 -0.0919828
1544555160.144146 -1.1493776 0.5517329 0.6396750 -0.0360108 0.9752522 0.2092635 -0.0616053
1544555160.356834 -1.1673319 0.5460296 0.6341476 -0.0391251 0.9757974 0.2101857 -0.0459424
1544555160.669618 -1.2095954 0.5207241 0.6289328 -0.0376683 0.9765527 0.2102680 -0.0267094
1544555160.971207 -1.2889239 0.5033134 0.6237348 -0.0346624 0.9767014 0.2107081 -0.0213294
1544555161.291087 -1.3606346 0.5255423 0.6280581 -0.0350056 0.9757515 0.2100708 -0.0505365
1544555161.606945 -1.3771815 0.5252463 0.6309328 -0.0384889 0.9764052 0.2114351 -0.0211347
1544555162.563847 -1.4396269 0.5155040 0.6197617 -0.0361324 0.9757491 0.2123853 -0.0387368
1544555162.902184 -1.4521199 0.5180517 0.5875173 -0.0392793 0.9756602 0.2124542 -0.0375171
1544555163.603427 -1.5427309 0.5071573 0.6150272 -0.0328564 0.9765018 0.2129837 -0.0016120
1544555164.899739 -1.7054750 0.5059793 0.6430293 -0.0335253 0.9757050 0.2123420 -0.0422692
1544555165.517940 -1.7935143 0.4974953 0.6445792 -0.0352230 0.9762508 0.2126320 -0.0219379
1544555165.806992 -1.8363196 0.4912758 0.6427152 -0.0365767 0.9752686 0.2109992 -0.0547047
1544555166.079383 -1.8737594 0.4905874 0.6517253 -0.0344248 0.9751710 0.2102788 -0.0603266
1544555166.320631 -1.9125385 0.4860958 0.6644331 -0.0331933 0.9755881 0.2103117 -0.0538049
1544555166.761442 -2.0000837 0.4755487 0.6677952 -0.0327649 0.9759923 0.2103053 -0.0462290
1544555167.005530 -2.0349171 0.4733502 0.6745200 -0.0331638 0.9768346 0.2103641 -0.0210071
1544555167.209197 -2.0470572 0.4714599 0.6820509 -0.0366364 0.9770055 0.2097052 -0.0119044
1544555167.473897 -2.0724959 0.4618700 0.6902773 -0.0391485 0.9764076 0.2105675 -0.0275128
1544555167.773542 -2.1267097 0.4524153 0.6874259 -0.0360123 0.9751195 0.2118221 -0.0545560
1544555168.898097 -2.3051362 0.4421887 0.6975217 -0.0340374 0.9751821 0.2119348 -0.0542687
1544555169.087870 -2.3239877 0.4404228 0.6969501 -0.0348527 0.9758806 0.2120190 -0.0386039
1544555169.261763 -2.3495126 0.4388976 0.6987901 -0.0354885 0.9765146 0.2114677 -0.0210046
1544555169.483656 -2.3638830 0.4371428 0.6990966 -0.0379705 0.9763413 0.2109321 -0.0286974
1544555169.717169 -2.3863835 0.4226693 0.6963511 -0.0374344 0.9753652 0.2121486 -0.0474807
1544555169.911306 -2.4165032 0.4131151 0.6915904 -0.0354382 0.9753986 0.2124503 -0.0469740
1544555170.352439 -2.4932175 0.4011890 0.6789924 -0.0343947 0.9758774 0.2139031 -0.0269391
1544555170.569395 -2.5216548 0.4020650 0.6880807 -0.0360783 0.9753593 0.2117109 -0.0505087
1544555170.749261 -2.5431900 0.4006748 0.6985113 -0.0356393 0.9752793 0.2106301 -0.0565255
1544555170.919896 -2.5658727 0.4013081 0.7083035 -0.0360783 0.9749463 0.2098752 -0.0642686
1544555171.104539 -2.5967481 0.4017172 0.7120783 -0.0357801 0.9746774 0.2109145 -0.0651054
1544555171.280162 -2.6287344 0.3999833 0.7083824 -0.0346265 0.9747458 0.2122780 -0.0600800
1544555171.445863 -2.6533666 0.3990228 0.7066461 -0.0348772 0.9751476 0.2126603 -0.0514421
1544555171.624330 -2.6682146 0.3994529 0.7070452 -0.0358106 0.9760793 0.2130189 -0.0246918
1544555171.811756 -2.6831341 0.4034758 0.7137234 -0.0370298 0.9755423 0.2141179 0.0331585
1544555172.236492 -2.6905792 0.4057943 0.7040778 -0.0397543 0.9666998 0.2147690 0.1333619
1544555172.451426 -2.6939669 0.4035624 0.7007166 -0.0402200 0.9620874 0.2145498 0.1635195
1544555172.674087 -2.7141576 0.4069774 0.7006427 -0.0377748 0.9526933 0.2125121 0.2139791
1544555172.901544 -2.7267976 0.4077557 0.6957071 -0.0365777 0.9384850 0.2108253 0.2710364
1544555173.080034 -2.7269373 0.4079563 0.6876276 -0.0382658 0.9243661 0.2084988 0.3171929
1544555173.220755 -2.7292087 0.4004339 0.6825812 -0.0379324 0.9069862 0.2056832 0.3655565
1544555173.368029 -2.7384946 0.3943744 0.6685424 -0.0358200 0.8981221 0.2038497 0.3879935
1544555174.103880 -2.7630010 0.3833197 0.6584800 -0.0320083 0.8411022 0.1928629 0.5043079
1544555174.435742 -2.7645242 0.3786669 0.6501879 -0.0304821 0.8125203 0.1878161 0.5510051
1544555174.757593 -2.7702167 0.3775560 0.6225554 -0.0302295 0.8142400 0.1881352 0.5483654
1544555175.083043 -2.7497249 0.3831331 0.6013926 -0.0297762 0.8038850 0.1858481 0.5642188
1544555175.434626 -2.7360063 0.3856024 0.5680126 -0.0281155 0.7830336 0.1815079 0.5942413
1544555176.449231 -2.7365744 0.3926039 0.4806821 -0.0247959 0.7353025 0.1687101 0.6559362
1544555176.695698 -2.7412834 0.3928338 0.4528708 -0.0231003 0.7251496 0.1679402 0.6673983
1544555177.106067 -2.7529826 0.4076392 0.3469721 -0.0191248 0.7296368 0.1709878 0.6618364
1544555177.481570 -2.7635908 0.4241668 0.2746688 -0.0193920 0.7399629 0.1718834 0.6500268
1544555178.677030 -2.7481103 0.4730834 0.1270582 -0.0220065 0.7244001 0.1685948 0.6680838
1544555180.039923 -2.7669473 0.5218247 -0.0920022 -0.0206468 0.7117081 0.1651637 0.6824707
1544555180.443159 -2.7549658 0.5214940 -0.1111585 -0.0224752 0.6998408 0.1615134 0.6954359
1544555180.870560 -2.7382078 0.5166801 -0.1382061 -0.0197426 0.6891114 0.1595546 0.7065961
1544555181.915460 -2.7033062 0.5543689 -0.3531473 -0.0135563 0.6945333 0.1640976 0.7003654
1544555182.222908 -2.7194440 0.5838176 -0.4099562 -0.0148876 0.7161205 0.1649831 0.6780342
1544555182.835460 -2.7451570 0.5986528 -0.5219024 -0.0163047 0.7293680 0.1682422 0.6629111
1544555183.504498 -2.7240913 0.4815000 -0.6713853 -0.0189149 0.7473992 0.1696956 0.6420592
1544555184.170624 -2.7181833 0.4180364 -0.7067955 -0.0201680 0.7751355 0.1704525 0.6080331
1544555184.612663 -2.6998813 0.4270989 -0.7303219 -0.0175029 0.7400107 0.1687180 0.6508548
1544555187.690479 -2.6391821 0.3917542 -0.7324902 -0.0073539 0.4376462 0.1051531 0.8929471
1544555189.673995 -2.7123532 0.4219162 -0.7283468 0.0056676 0.1449885 0.0420148 0.9885246
1544555191.426019 -2.5920959 0.4400122 -0.7636450 -0.0060928 0.5740175 0.1394333 0.8068613
1544555191.918442 -2.6034436 0.4419976 -0.7611973 -0.0068389 0.5649151 0.1348266 0.8140307
1544555193.374328 -2.6580322 0.4185436 -0.7092394 -0.0020045 0.2948952 0.0750948 0.9525721
1544555198.099079 -2.6806719 0.4391795 -0.7535772 0.0066859 0.0472664 0.0243644 0.9985628
1544555198.205077 -2.6644087 0.4442279 -0.7513248 0.0068746 0.0541716 0.0268547 0.9981468
1544555198.740559 -2.6124694 0.4594419 -0.7633134 0.0053282 0.0703126 0.0312029 0.9970226
1544555198.955069 -2.5842476 0.4703459 -0.7563227 0.0035384 0.0659264 0.0304247 0.9973543
1544555199.407524 -2.4890409 0.4802067 -0.7523764 0.0035462 0.0756315 0.0344283 0.9965350
1544555199.924170 -2.3669496 0.4936618 -0.7534747 0.0043903 0.0751509 0.0332801 0.9966070
1544555202.193298 -1.8562671 0.6483889 -0.7776321 0.0060368 0.0876656 0.0332602 0.9955763
1544555202.561771 -1.8138719 0.6522862 -0.7954677 0.0062124 0.0821309 0.0297571 0.9961578
1544555202.928431 -1.7552912 0.6373298 -0.7738912 0.0029391 0.0719417 0.0285428 0.9969960
1544555203.651584 -1.6237897 0.6705547 -0.7431843 0.0041896 0.0677849 0.0311534 0.9972047
1544555205.438977 -1.3675441 0.7597153 -0.8736281 0.0032988 0.0568575 0.0278462 0.9979885
1544555205.786235 -1.2989308 0.7543806 -0.8826287 0.0033897 0.0538010 0.0272740 0.9981734
1544555206.177068 -1.2539390 0.7441139 -0.8939174 0.0031865 0.0552726 0.0273407 0.9980918
1544555206.580671 -1.1745145 0.7536565 -0.9014739 0.0044298 0.0568321 0.0288110 0.9979581
1544555206.931836 -1.1044259 0.7683495 -0.9085506 0.0047191 0.0557209 0.0296268 0.9979956
1544555207.988346 -0.8476204 0.8055645 -0.9334339 0.0050295 0.0598986 0.0288790 0.9977739
1544555208.392526 -0.7745579 0.8161030 -0.9472380 0.0049708 0.0585474 0.0279493 0.9978809
1544555209.173410 -0.6803575 0.8351065 -0.9504343 0.0020008 0.0724293 0.0290920 0.9969472
1544555209.525954 -0.6168228 0.8465531 -0.9559668 0.0020247 0.0846485 0.0351725 0.9957879
1544555209.896313 -0.5388117 0.8701656 -0.9568432 0.0021082 0.1093231 0.0418962 0.9931207
1544555210.179264 -0.4793740 0.8752922 -0.9517640 0.0013966 0.1079625 0.0416205 0.9932824
