1544553686.462806 0 1.0214133 0 0.0125860 -0.5548336 -0.1240584 0.8225636
1544553686.738480 0.00356940827771 1.0179929 0.0105609225509 0.0120354 -0.5514699 -0.1220126 0.8251358
1544553688.128205 0.0507876638489 0.9613586 0.261205157405 0.0093556 -0.5862648 -0.1301447 0.7995426
1544553688.614307 0.035882496922 0.9367544 0.35500162718 0.0090358 -0.5750962 -0.1289416 0.8078098
1544553689.134810 0.0252259676687 0.9045262 0.492269007254 0.0086503 -0.5955638 -0.1313169 0.7924549
1544553689.373041 0.0267419892829 0.8890257 0.552816278804 0.0090475 -0.6012543 -0.1334727 0.7877795
1544553689.628525 0.0326236595272 0.8755054 0.61739968685 0.0106151 -0.6054078 -0.1353125 0.7842572
1544553689.896346 0.0396041998215 0.8592549 0.678477298484 0.0112995 -0.6046227 -0.1368167 0.7845922
1544553690.412525 0.0392817573608 0.8274269 0.778523904359 0.0119581 -0.5977376 -0.1362165 0.7899442
1544553690.720531 0.0361903316094 0.8091621 0.833401108267 0.0107556 -0.6111474 -0.1406025 0.7788543
1544553691.007667 0.0299375208793 0.7818771 0.914265535524 0.0094837 -0.6011440 -0.1363275 0.7873695
1544553692.178056 0.0365252076127 0.7121443 1.20919665592 0.0085084 -0.5823258 -0.1310307 0.8022813
1544553693.168812 0.0314914009473 0.6478570 1.39702662055 0.0116782 -0.5551108 -0.1284247 0.8217193
1544553693.554142 0.0221962650804 0.6689741 1.37117708189 0.0149979 -0.5530796 -0.1317698 0.8225052
1544553694.715289 -0.00118097889798 0.6268973 1.49700339393 0.0079063 -0.5675731 -0.1275393 0.8133461
1544553695.075523 0.00225294180496 0.6274315 1.55870050233 0.0088192 -0.5843009 -0.1313285 0.8007918
1544553695.429077 -0.00489883581207 0.6071012 1.62179954187 0.0089202 -0.6137347 -0.1381976 0.7772719
1544553695.860768 -0.0394802853777 0.5806495 1.64804781802 0.0106613 -0.6509283 -0.1501681 0.7440619
1544553696.234858 -0.0745520705461 0.5518178 1.63300041303 0.0112186 -0.6824278 -0.1586584 0.7134381
1544553698.088949 -0.28094677733 0.6024626 1.64622576376 -0.0116275 0.9244795 0.2029893 -0.3224870
1544553698.419750 -0.289953487614 0.6053286 1.66362878752 -0.0132755 0.9486220 0.2067910 -0.2391183
1544553698.623052 -0.299816995588 0.5966259 1.66474947828 -0.0137175 0.9553015 0.2079929 -0.2096423
1544553698.786016 -0.319967087498 0.5841065 1.66910480156 -0.0124272 0.9569411 0.2085863 -0.2014970
1544553698.915061 -0.339331626662 0.5719990 1.67162598548 -0.0118298 0.9552581 0.2074202 -0.2105207
1544553699.056180 -0.360258185644 0.5622748 1.67231774075 -0.0105468 0.9507099 0.2075582 -0.2301285
1544553699.516251 -0.443465694371 0.5953965 1.67010210877 -0.0088671 0.9548382 0.2062476 -0.2136993
1544553700.022273 -0.515641945597 0.5620934 1.65819788699 -0.0092719 0.9568916 0.2078840 -0.2026247
1544553701.185356 -0.739352747464 0.5490829 1.68607934418 -0.0071341 0.9646252 0.2077256 -0.1621646
1544553701.351685 -0.770730270445 0.5518934 1.69374163719 -0.0087170 0.9641575 0.2068557 -0.1659367
1544553701.511525 -0.78371671968 0.5529777 1.69849935533 -0.0096498 0.9658123 0.2064521 -0.1564961
1544553702.046635 -0.855418219954 0.5186933 1.68392960873 -0.0118121 0.9708760 0.2079654 -0.1183664
1544553702.999121 -1.0432072045 0.5248438 1.67531670146 -0.0115026 0.9712926 0.2099506 -0.1112612
1544553703.486649 -1.0525869459 0.5203840 1.66728155855 -0.0137970 0.9703805 0.2108820 -0.1170474
1544553703.944037 -1.10688129651 0.5147824 1.66624724273 -0.0093694 0.9687868 0.2099288 -0.1315074
1544553704.174492 -1.11953287764 0.5112935 1.63461751001 -0.0109343 0.9695819 0.2117918 -0.1222115
1544553704.456750 -1.13071882116 0.5127203 1.62943473477 -0.0123500 0.9713497 0.2102554 -0.1100910
1544553704.703772 -1.15270030896 0.5042374 1.64865227464 -0.0115187 0.9731204 0.2094954 -0.0949510
1544553705.242964 -1.27446532001 0.5091137 1.64815322855 -0.0054621 0.9716268 0.2109849 -0.1067560
1544553705.466019 -1.2996509659 0.5142649 1.64851460374 -0.0081165 0.9681855 0.2097839 -0.1361679
1544553705.728345 -1.32342953236 0.5194181 1.65237883196 -0.0093161 0.9669261 0.2093743 -0.1453601
1544553706.494547 -1.4554210987 0.5086004 1.66857394613 -0.0038085 0.9702333 0.2110398 -0.1187228
1544553706.745942 -1.49819903013 0.5038208 1.66585382876 -0.0062447 0.9719003 0.2099345 -0.1062936
1544553707.024479 -1.53060318821 0.4961435 1.66001068713 -0.0083184 0.9691600 0.2093036 -0.1298145
1544553707.530623 -1.61947014984 0.4888490 1.66745041503 -0.0064229 0.9665412 0.2102030 -0.1468723
1544553707.761974 -1.66469669617 0.4862661 1.68095032833 -0.0049273 0.9689566 0.2092973 -0.1315045
1544553708.232607 -1.75384990148 0.4784997 1.67435222401 -0.0061347 0.9701487 0.2094071 -0.1221578
1544553708.909505 -1.83293063434 0.4672073 1.69672472201 -0.0104319 0.9710461 0.2083916 -0.1163339
1544553709.140473 -1.88198995026 0.4591408 1.68989956292 -0.0079344 0.9680992 0.2089795 -0.1380164
1544553709.527653 -1.96843713933 0.4494663 1.69836526253 -0.0065012 0.9705925 0.2073027 -0.1222030
1544553709.768328 -1.99824131268 0.4465865 1.6949412733 -0.0079031 0.9694442 0.2079772 -0.1298500
1544553710.106420 -2.04843346474 0.4508310 1.68688838761 -0.0080984 0.9690270 0.2090124 -0.1312814
1544553710.274201 -2.0820990389 0.4517539 1.68551175626 -0.0077549 0.9680927 0.2088441 -0.1382767
1544553710.599256 -2.12862537265 0.4499278 1.6821185239 -0.0076077 0.9719431 0.2089204 -0.1078009
1544553710.804816 -2.15124356183 0.4490102 1.68098192691 -0.0098768 0.9718563 0.2087972 -0.1086346
1544553711.015226 -2.16411140065 0.4422791 1.68008167358 -0.0115341 0.9703986 0.2082653 -0.1217339
1544553711.189294 -2.18928708682 0.4282659 1.67210951673 -0.0100988 0.9688037 0.2086750 -0.1333120
1544553711.532305 -2.25593520953 0.4209792 1.65527965781 -0.0071528 0.9723150 0.2097241 -0.1028018
1544553712.034062 -2.33256221064 0.4156585 1.65721355341 -0.0098554 0.9691244 0.2079591 -0.1321125
1544553712.201546 -2.35666395073 0.4167291 1.66722056579 -0.0091258 0.9685673 0.2065668 -0.1382909
1544553712.331286 -2.37784024429 0.4160582 1.67290366917 -0.0092864 0.9671384 0.2069061 -0.1474684
1544553712.642285 -2.43250956059 0.4180087 1.66706791778 -0.0085175 0.9677861 0.2083731 -0.1410606
1544553712.971020 -2.48087394179 0.4178350 1.66062183891 -0.0090252 0.9711587 0.2089758 -0.1144484
1544553713.290189 -2.50452457449 0.4247109 1.66743233382 -0.0105803 0.9773594 0.2091419 -0.0302726
1544553713.490535 -2.50231602032 0.4240666 1.66724074029 -0.0136037 0.9771305 0.2096044 0.0331184
1544553713.701109 -2.50692280432 0.4259891 1.65387751342 -0.0153429 0.9761330 0.2092525 0.0560567
1544553713.878695 -2.51469570316 0.4219666 1.65288963478 -0.0135445 0.9740956 0.2092290 0.0847207
1544553714.083620 -2.53403001994 0.4260492 1.65188726557 -0.0119858 0.9691920 0.2072110 0.1326156
1544553714.260375 -2.54328876749 0.4275941 1.64848006334 -0.0132338 0.9623520 0.2050633 0.1779112
1544553714.396721 -2.55037506417 0.4296842 1.63922295741 -0.0121635 0.9581013 0.2048603 0.1998155
1544553714.966785 -2.57241062977 0.4148864 1.61117760477 -0.0103396 0.9235166 0.1952605 0.3299752
1544553715.309327 -2.57917805186 0.4033368 1.61240817025 -0.0114163 0.9006783 0.1894509 0.3908409
1544553715.484253 -2.58418294591 0.4006977 1.60332022601 -0.0100634 0.8863487 0.1867625 0.4235617
1544553715.893868 -2.58502505263 0.3967358 1.588906039 -0.0093371 0.8577455 0.1798213 0.4815079
1544553716.085069 -2.58838419204 0.3967971 1.56977986038 -0.0082786 0.8560240 0.1800014 0.4845141
1544553716.571612 -2.55874720396 0.4057996 1.53527557189 -0.0083412 0.8422245 0.1761419 0.5094725
1544553717.507365 -2.5455897669 0.4038058 1.42630608452 -0.0062954 0.8000007 0.1639657 0.5771261
1544553717.996440 -2.55049022757 0.4066999 1.39877197506 -0.0057132 0.7873011 0.1593701 0.5955884
1544553718.465091 -2.55303702764 0.4159101 1.28320182087 -0.0013615 0.7793530 0.1607278 0.6056185
1544553719.672827 -2.55162567621 0.4683759 1.07778747368 -0.0048561 0.7727734 0.1576280 0.6147772
1544553720.694592 -2.53991016963 0.5297786 0.87954743487 -0.0007871 0.7714940 0.1574441 0.6164476
1544553720.923826 -2.54049645492 0.5384038 0.841890116323 -0.0021364 0.7759568 0.1582588 0.6106068
1544553721.233562 -2.53889243678 0.5401088 0.794551813528 -0.0041160 0.7678950 0.1570178 0.6210198
1544553721.423044 -2.53104801383 0.5430857 0.769621411718 -0.0034905 0.7679799 0.1567027 0.6209983
1544553721.694104 -2.5267555274 0.5410867 0.748254262524 -0.0052120 0.7607448 0.1539187 0.6305150
1544553723.511844 -2.44283718727 0.5911551 0.43201828645 0.0014776 0.7621755 0.1552086 0.6284875
1544553723.787546 -2.45204853078 0.6201701 0.389292626054 0.0005719 0.7798336 0.1569692 0.6059868
1544553724.257484 -2.46217534974 0.6123042 0.26915512974 -0.0000481 0.7818411 0.1582070 0.6030713
1544553724.804489 -2.42909025377 0.4946783 0.131784648496 -0.0031851 0.7940447 0.1638919 0.5853394
1544553725.059310 -2.42211513663 0.4634672 0.105113948277 -0.0043584 0.7970271 0.1617339 0.5818685
1544553726.203873 -2.38570338296 0.4262147 0.0492030563077 -0.0025351 0.7627162 0.1552684 0.6278131
1544553726.839060 -2.34425863424 0.4186542 0.0161689957026 -0.0029822 0.7058538 0.1427212 0.6938243
1544553728.912213 -2.31664901565 0.3787183 0.0420306691978 0.0008422 0.5628765 0.1110409 0.8190477
1544553730.262699 -2.39434649816 0.4213536 0.0808846770285 0.0051156 0.2288320 0.0315089 0.9729424
1544553730.455073 -2.41000156163 0.4205299 0.0741107601158 0.0055164 0.2269841 0.0315689 0.9733711
1544553733.539645 -2.28608879082 0.4276555 0.0521948771339 0.0028608 0.5670686 0.1142759 0.8156997
1544553733.935710 -2.30989303142 0.4237800 0.0690732705408 0.0040971 0.4785137 0.0925924 0.8731749
1544553739.286218 -2.3703741906 0.4416347 0.041406945781 0.0079531 0.1241983 0.0134683 0.9921342
1544553740.004261 -2.28320215273 0.4621266 0.031341483169 0.0068918 0.1448243 0.0224297 0.9891791
1544553740.206765 -2.26472054132 0.4734501 0.0328447428721 0.0064101 0.1443363 0.0220000 0.9892634
1544553740.703615 -2.17402258245 0.4915377 0.0625553984569 0.0052678 0.1452876 0.0244270 0.9890739
1544553741.317582 -2.03184224574 0.5024759 0.0761776748579 0.0066895 0.1517578 0.0237489 0.9881097
1544553741.596709 -2.0011446499 0.5089924 0.0889088662271 0.0055506 0.1609534 0.0234682 0.9866673
1544553741.857525 -1.95779706394 0.5238671 0.101615126628 0.0050909 0.1953684 0.0316318 0.9802065
1544553742.158207 -1.87902915717 0.5553919 0.106612758986 0.0064817 0.1844456 0.0327535 0.9822754
1544553743.692289 -1.47284523786 0.6668825 0.0962481701221 0.0089444 0.1648831 0.0226762 0.9860119
1544553743.995626 -1.43748268694 0.6592309 0.0914568219572 0.0076419 0.1612015 0.0215268 0.9866571
1544553744.969033 -1.25919184658 0.6670313 0.145717555713 0.0044076 0.1379312 0.0207414 0.9902148
1544553745.273678 -1.18290068688 0.6893106 0.168126911318 0.0052635 0.1386808 0.0222185 0.9900739
1544553747.022160 -0.90472327635 0.7607067 0.0421050293081 0.0036001 0.1336931 0.0199851 0.9908147
1544553747.342302 -0.868210815472 0.7549394 0.0398055898784 0.0042251 0.1311165 0.0173260 0.9912065
1544553747.660425 -0.810101590965 0.7468568 0.0324526704928 0.0047509 0.1336149 0.0196501 0.9908271
1544553748.360027 -0.667795214207 0.7702348 0.0309593406351 0.0053199 0.1337662 0.0208867 0.9907785
1544553749.046428 -0.478131195041 0.8016736 0.0216530840869 0.0058091 0.1309490 0.0195842 0.9911786
1544553749.713681 -0.331976753514 0.8110572 0.0183862033107 0.0047437 0.1341844 0.0182224 0.9907775
1544553750.288697 -0.235139652083 0.8184245 0.0167826871711 0.0036048 0.1453596 0.0204514 0.9891610
1544553750.619874 -0.20745394915 0.8322651 0.0204077446038 0.0025907 0.1501028 0.0211325 0.9884411
1544553750.821894 -0.169214186059 0.8352293 0.022612676478 0.0025574 0.1617385 0.0254090 0.9865032
1544553751.070780 -0.108674633733 0.8499948 0.0216997004455 0.0025216 0.1701555 0.0301182 0.9849536
1544553751.285167 -0.0638063171517 0.8613009 0.0267115005266 0.0026036 0.1864716 0.0331034 0.9818990
1544553751.496664 -0.00814373307533 0.8667305 0.0363994725533 0.0027674 0.1853707 0.0336663 0.9820879
1544553751.740142 0.0552948560058 0.8748625 0.0460811432752 0.0028535 0.1780109 0.0325723 0.9834852
