1544553686.462806 -1.1250862 1.0214133 -1.0251085 0.0125860 -0.5548336 -0.1240584 0.8225636
1544553686.738480 -1.1190679 1.0179929 -1.0157248 0.0120354 -0.5514699 -0.1220126 0.8251358
1544553688.128205 -1.0126159 0.9613586 -0.7839489 0.0093556 -0.5862648 -0.1301447 0.7995426
1544553688.614307 -1.0043869 0.9367544 -0.6893327 0.0090358 -0.5750962 -0.1289416 0.8078098
1544553689.134810 -0.9815189 0.9045262 -0.5535647 0.0086503 -0.5955638 -0.1313169 0.7924549
1544553689.373041 -0.9654002 0.8890257 -0.4951827 0.0090475 -0.6012543 -0.1334727 0.7877795
1544553689.628525 -0.9440691 0.8755054 -0.4339406 0.0106151 -0.6054078 -0.1353125 0.7842572
1544553689.896346 -0.9225199 0.8592549 -0.3763660 0.0112995 -0.6046227 -0.1368167 0.7845922
1544553690.412525 -0.8986293 0.8274269 -0.2792132 0.0119581 -0.5977376 -0.1362165 0.7899442
1544553690.720531 -0.8883529 0.8091621 -0.2252182 0.0107556 -0.6111474 -0.1406025 0.7788543
1544553691.007667 -0.8748571 0.7818771 -0.1452431 0.0094837 -0.6011440 -0.1363275 0.7873695
1544553692.178056 -0.7971148 0.7121443 0.1393336 0.0085084 -0.5823258 -0.1310307 0.8022813
1544553693.168812 -0.7565589 0.6478570 0.3228020 0.0116782 -0.5551108 -0.1284247 0.8217193
1544553693.554142 -0.7718315 0.6689741 0.2999690 0.0149979 -0.5530796 -0.1317698 0.8225052
1544553694.715289 -0.7640742 0.6268973 0.4277132 0.0079063 -0.5675731 -0.1275393 0.8133461
1544553695.075523 -0.7458164 0.6274315 0.4867469 0.0088192 -0.5843009 -0.1313285 0.8007918
1544553695.429077 -0.7374907 0.6071012 0.5497018 0.0089202 -0.6137347 -0.1381976 0.7772719
1544553695.860768 -0.7646949 0.5806495 0.5835364 0.0106613 -0.6509283 -0.1501681 0.7440619
1544553696.234858 -0.8023652 0.5518178 0.5774206 0.0112186 -0.6824278 -0.1586584 0.7134381
1544553698.088949 -0.9994296 0.6024626 0.6401845 -0.0116275 0.9244795 0.2029893 -0.3224870
1544553698.419750 -1.0039586 0.6053286 0.6592495 -0.0132755 0.9486220 0.2067910 -0.2391183
1544553698.623052 -1.0132580 0.5966259 0.6627231 -0.0137175 0.9553015 0.2079929 -0.2096423
1544553698.786016 -1.0317559 0.5841065 0.6718238 -0.0124272 0.9569411 0.2085863 -0.2014970
1544553698.915061 -1.0499353 0.5719990 0.6789548 -0.0118298 0.9552581 0.2074202 -0.2105207
1544553699.056180 -1.0700729 0.5622748 0.6846886 -0.0105468 0.9507099 0.2075582 -0.2301285
1544553699.516251 -1.1513448 0.5953965 0.7026685 -0.0088671 0.9548382 0.2062476 -0.2136993
1544553700.022273 -1.2242570 0.5620934 0.7085789 -0.0092719 0.9568916 0.2078840 -0.2026247
1544553701.185356 -1.4345775 0.5490829 0.7897527 -0.0071341 0.9646252 0.2077256 -0.1621646
1544553701.351685 -1.4631693 0.5518934 0.8047783 -0.0087170 0.9641575 0.2068557 -0.1659367
1544553701.511525 -1.4746190 0.5529777 0.8125364 -0.0096498 0.9658123 0.2064521 -0.1564961
1544553702.046635 -1.5477154 0.5186933 0.8157456 -0.0118121 0.9708760 0.2079654 -0.1183664
1544553702.999121 -1.7320099 0.5248438 0.8528188 -0.0115026 0.9712926 0.2099506 -0.1112612
1544553703.486649 -1.7430549 0.5203840 0.8472915 -0.0137970 0.9703805 0.2108820 -0.1170474
1544553703.944037 -1.7959867 0.5147824 0.8594229 -0.0093694 0.9687868 0.2099288 -0.1315074
1544553704.174492 -1.8159144 0.5112935 0.8317934 -0.0109343 0.9695819 0.2117918 -0.1222115
1544553704.456750 -1.8280219 0.5127203 0.8294707 -0.0123500 0.9713497 0.2102554 -0.1100910
1544553704.703772 -1.8447013 0.5042374 0.8534352 -0.0115187 0.9731204 0.2094954 -0.0949510
1544553705.242964 -1.9629701 0.5091137 0.8824086 -0.0054621 0.9716268 0.2109849 -0.1067560
1544553705.466019 -1.9873202 0.5142649 0.8888522 -0.0081165 0.9681855 0.2097839 -0.1361679
1544553705.728345 -2.0094576 0.5194181 0.8983542 -0.0093161 0.9669261 0.2093743 -0.1453601
1544553706.494547 -2.1336105 0.5086004 0.9459999 -0.0038085 0.9702333 0.2110398 -0.1187228
1544553706.745942 -2.1757758 0.5038208 0.9537095 -0.0062447 0.9719003 0.2099345 -0.1062936
1544553707.024479 -2.2086310 0.4961435 0.9558792 -0.0083184 0.9691600 0.2093036 -0.1298145
1544553707.530623 -2.2930584 0.4888490 0.9845968 -0.0064229 0.9665412 0.2102030 -0.1468723
1544553707.761974 -2.3336756 0.4862661 1.0086370 -0.0049273 0.9689566 0.2092973 -0.1315045
1544553708.232607 -2.4217768 0.4784997 1.0238030 -0.0061347 0.9701487 0.2094071 -0.1221578
1544553708.909505 -2.4930961 0.4672073 1.0646423 -0.0104319 0.9710461 0.2083916 -0.1163339
1544553709.140473 -2.5423493 0.4591408 1.0698884 -0.0079344 0.9680992 0.2089795 -0.1380164
1544553709.527653 -2.6241806 0.4494663 1.0990161 -0.0065012 0.9705925 0.2073027 -0.1222030
1544553709.768328 -2.6539278 0.4465865 1.1029041 -0.0079031 0.9694442 0.2079772 -0.1298500
1544553710.106420 -2.7045772 0.4508310 1.1072330 -0.0080984 0.9690270 0.2090124 -0.1312814
1544553710.274201 -2.7375758 0.4517539 1.1140417 -0.0077549 0.9680927 0.2088441 -0.1382767
1544553710.599256 -2.7835410 0.4499278 1.1220050 -0.0076077 0.9719431 0.2089204 -0.1078009
1544553710.804816 -2.8057623 0.4490102 1.1263740 -0.0098768 0.9718563 0.2087972 -0.1086346
1544553711.015226 -2.8184657 0.4422791 1.1286135 -0.0115341 0.9703986 0.2082653 -0.1217339
1544553711.189294 -2.8448222 0.4282659 1.1269687 -0.0100988 0.9688037 0.2086750 -0.1333120
1544553711.532305 -2.9135621 0.4209792 1.1267624 -0.0071528 0.9723150 0.2097241 -0.1028018
1544553712.034062 -2.9874451 0.4156585 1.1471766 -0.0098554 0.9691244 0.2079591 -0.1321125
1544553712.201546 -3.0084100 0.4167291 1.1627171 -0.0091258 0.9685673 0.2065668 -0.1382909
1544553712.331286 -3.0275824 0.4160582 1.1733544 -0.0092864 0.9671384 0.2069061 -0.1474684
1544553712.642285 -3.0820396 0.4180087 1.1809177 -0.0085175 0.9677861 0.2083731 -0.1410606
1544553712.971020 -3.1305268 0.4178350 1.1863635 -0.0090252 0.9711587 0.2089758 -0.1144484
1544553713.290189 -3.1518273 0.4247109 1.1986933 -0.0105803 0.9773594 0.2091419 -0.0302726
1544553713.490535 -3.1497307 0.4240666 1.1979731 -0.0136037 0.9771305 0.2096044 0.0331184
1544553713.701109 -3.1574335 0.4259891 1.1861213 -0.0153429 0.9761330 0.2092525 0.0560567
1544553713.878695 -3.1652145 0.4219666 1.1870432 -0.0135445 0.9740956 0.2092290 0.0847207
1544553714.083620 -3.1842170 0.4260492 1.1907480 -0.0119858 0.9691920 0.2072110 0.1326156
1544553714.260375 -3.1940250 0.4275941 1.1896819 -0.0132338 0.9623520 0.2050633 0.1779112
1544553714.396721 -3.2031403 0.4296842 1.1824141 -0.0121635 0.9581013 0.2048603 0.1998155
1544553714.966785 -3.2313061 0.4148864 1.1605327 -0.0103396 0.9235166 0.1952605 0.3299752
1544553715.309327 -3.2375748 0.4033368 1.1633639 -0.0114163 0.9006783 0.1894509 0.3908409
1544553715.484253 -3.2446296 0.4006977 1.1557567 -0.0100634 0.8863487 0.1867625 0.4235617
1544553715.893868 -3.2489338 0.3967358 1.1419744 -0.0093371 0.8577455 0.1798213 0.4815079
1544553716.085069 -3.2568202 0.3967971 1.1242290 -0.0082786 0.8560240 0.1800014 0.4845141
1544553716.571612 -3.2364109 0.4057996 1.0835798 -0.0083412 0.8422245 0.1761419 0.5094725
1544553717.507365 -3.2500064 0.4038058 0.9746641 -0.0062954 0.8000007 0.1639657 0.5771261
1544553717.996440 -3.2614224 0.4066999 0.9491334 -0.0057132 0.7873011 0.1593701 0.5955884
1544553718.465091 -3.2918525 0.4159101 0.8376123 -0.0013615 0.7793530 0.1607278 0.6056185
1544553719.672827 -3.3401773 0.4683759 0.6379582 -0.0048561 0.7727734 0.1576280 0.6147772
1544553720.694592 -3.3767684 0.5297786 0.4427725 -0.0007871 0.7714940 0.1574441 0.6164476
1544553720.923826 -3.3864474 0.5384038 0.4063756 -0.0021364 0.7759568 0.1582588 0.6106068
1544553721.233562 -3.3963432 0.5401088 0.3600554 -0.0041160 0.7678950 0.1570178 0.6210198
1544553721.423044 -3.3947630 0.5430857 0.3339678 -0.0034905 0.7679799 0.1567027 0.6209983
1544553721.694104 -3.3957672 0.5410867 0.3121969 -0.0052120 0.7607448 0.1539187 0.6305150
1544553723.511844 -3.3908460 0.5911551 -0.0149472 0.0014776 0.7621755 0.1552086 0.6284875
1544553723.787546 -3.4101200 0.6201701 -0.0541753 0.0005719 0.7798336 0.1569692 0.6059868
1544553724.257484 -3.4490099 0.6123042 -0.1682943 -0.0000481 0.7818411 0.1582070 0.6030713
1544553724.804489 -3.4501405 0.4946783 -0.3095883 -0.0031851 0.7940447 0.1638919 0.5853394
1544553725.059310 -3.4498248 0.4634672 -0.3371542 -0.0043584 0.7970271 0.1617339 0.5818685
1544553726.203873 -3.4280207 0.4262147 -0.4002131 -0.0025351 0.7627162 0.1552684 0.6278131
1544553726.839060 -3.3957987 0.4186542 -0.4422923 -0.0029822 0.7058538 0.1427212 0.6938243
1544553728.912213 -3.3627527 0.3787183 -0.4238782 0.0008422 0.5628765 0.1110409 0.8190477
1544553730.262699 -3.4287426 0.4213536 -0.3673816 0.0051156 0.2288320 0.0315089 0.9729424
1544553730.455073 -3.4455714 0.4205299 -0.3701670 0.0055164 0.2269841 0.0315689 0.9733711
1544553733.539645 -3.3306413 0.4276555 -0.4214091 0.0028608 0.5670686 0.1142759 0.8156997
1544553733.935710 -3.3496552 0.4237800 -0.3992733 0.0040971 0.4785137 0.0925924 0.8731749
1544553739.286218 -3.4150329 0.4416347 -0.4114861 0.0079531 0.1241983 0.0134683 0.9921342
1544553740.004261 -3.3328853 0.4621266 -0.4423414 0.0068918 0.1448243 0.0224297 0.9891791
1544553740.206765 -3.3145890 0.4734501 -0.4453539 0.0064101 0.1443363 0.0220000 0.9892634
1544553740.703615 -3.2193975 0.4915377 -0.4384676 0.0052678 0.1452876 0.0244270 0.9890739
1544553741.317582 -3.0781450 0.5024759 -0.4596465 0.0066895 0.1517578 0.0237489 0.9881097
1544553741.596709 -3.0452793 0.5089924 -0.4547199 0.0055506 0.1609534 0.0234682 0.9866673
1544553741.857525 -3.0001454 0.5238671 -0.4528778 0.0050909 0.1953684 0.0316318 0.9802065
1544553742.158207 -2.9225082 0.5553919 -0.4670843 0.0064817 0.1844456 0.0327535 0.9822754
1544553743.692289 -2.5308971 0.6668825 -0.5754058 0.0089444 0.1648831 0.0226762 0.9860119
1544553743.995626 -2.4977441 0.6592309 -0.5886098 0.0076419 0.1612015 0.0215268 0.9866571
1544553744.969033 -2.3116224 0.6670313 -0.5790933 0.0044076 0.1379312 0.0207414 0.9902148
1544553745.273678 -2.2321761 0.6893106 -0.5758061 0.0052635 0.1386808 0.0222185 0.9900739
1544553747.022160 -1.9927492 0.7607067 -0.7653818 0.0036001 0.1336931 0.0199851 0.9908147
1544553747.342302 -1.9578776 0.7549394 -0.7764461 0.0042251 0.1311165 0.0173260 0.9912065
1544553747.660425 -1.9032733 0.7468568 -0.7976385 0.0047509 0.1336149 0.0196501 0.9908271
1544553748.360027 -1.7655553 0.7702348 -0.8335145 0.0053199 0.1337662 0.0208867 0.9907785
1544553749.046428 -1.5837765 0.8016736 -0.8884282 0.0058091 0.1309490 0.0195842 0.9911786
1544553749.713681 -1.4427538 0.8110572 -0.9269560 0.0047437 0.1341844 0.0182224 0.9907775
1544553750.288697 -1.3491811 0.8184245 -0.9519389 0.0036048 0.1453596 0.0204514 0.9891610
1544553750.619874 -1.3214408 0.8322651 -0.9551193 0.0025907 0.1501028 0.0211325 0.9884411
1544553750.821894 -1.2838035 0.8352293 -0.9622309 0.0025574 0.1617385 0.0254090 0.9865032
1544553751.070780 -1.2252831 0.8499948 -0.9777626 0.0025216 0.1701555 0.0301182 0.9849536
1544553751.285167 -1.1805351 0.8613009 -0.9837543 0.0026036 0.1864716 0.0331034 0.9818990
1544553751.496664 -1.1241822 0.8667305 -0.9878201 0.0027674 0.1853707 0.0336663 0.9820879
1544553751.740142 -1.0602858 0.8748625 -0.9937732 0.0028535 0.1780109 0.0325723 0.9834852
