1544555308.533603 0.2327113 1.1181796 -1.6125801 0.0052204 -0.6931966 -0.1486130 0.7052414
1544555308.843757 0.2353423 1.1121222 -1.5967598 0.0043108 -0.6923225 -0.1469270 0.7064584
1544555309.133402 0.2341936 1.0961555 -1.5594884 0.0027971 -0.7019513 -0.1482394 0.6966215
1544555309.405510 0.2378691 1.0871828 -1.5000106 0.0015866 -0.7108040 -0.1478290 0.6876785
1544555311.398072 0.1681425 0.9785948 -1.0031124 0.0022583 -0.7297010 -0.1568991 0.6655178
1544555311.698838 0.1598283 0.9637793 -0.9195683 0.0044814 -0.7356890 -0.1578496 0.6586540
1544555312.033889 0.1600736 0.9393726 -0.8305923 0.0055007 -0.7375839 -0.1595495 0.6561126
1544555312.508939 0.1402779 0.9081553 -0.7197359 0.0060320 -0.7292476 -0.1583829 0.6656398
1544555312.868830 0.1253666 0.8793639 -0.6431026 0.0049599 -0.7396466 -0.1623720 0.6530955
1544555313.226713 0.1041167 0.8525831 -0.5336640 0.0030492 -0.7279325 -0.1574819 0.6673114
1544555313.907079 0.0868461 0.8284990 -0.3675148 0.0032735 -0.7218311 -0.1544382 0.6746094
1544555314.951210 0.0575140 0.7251664 -0.0679929 0.0043507 -0.7030891 -0.1525762 0.6945266
1544555316.055954 0.0286824 0.7141281 -0.0544410 0.0075932 -0.6846847 -0.1509039 0.7130058
1544555316.881713 -0.0196012 0.7021328 0.0816631 0.0020673 -0.7031173 -0.1516080 0.6947207
1544555317.283722 -0.0214581 0.6998445 0.1645630 0.0033737 -0.7251794 -0.1552403 0.6708233
1544555317.660818 -0.0499585 0.6672217 0.2334003 0.0030004 -0.7416066 -0.1597931 0.6515189
1544555318.053393 -0.0841692 0.6467523 0.2227980 0.0071016 -0.7798032 -0.1716211 0.6019990
1544555318.445736 -0.1340255 0.6389435 0.2020026 0.0076799 -0.8094590 -0.1784385 0.5593538
1544555319.549218 -0.2956567 0.6662241 0.1525839 -0.0080525 0.9289842 0.1971184 -0.3131578
1544555320.134362 -0.3387188 0.7015851 0.1978975 -0.0099455 0.9662346 0.2018876 -0.1597910
1544555320.393866 -0.3472875 0.7071436 0.2121158 -0.0115454 0.9758677 0.2034321 -0.0785134
1544555320.594596 -0.3556555 0.7021335 0.2182392 -0.0132913 0.9782515 0.2036114 -0.0372807
1544555320.762925 -0.3727376 0.6929009 0.2194603 -0.0123156 0.9786276 0.2026701 -0.0325773
1544555320.895267 -0.3934463 0.6820190 0.2205563 -0.0123187 0.9787367 0.2029327 -0.0272219
1544555321.065853 -0.4204336 0.6682659 0.2206948 -0.0112364 0.9782955 0.2027050 -0.0415013
1544555321.497584 -0.5059761 0.6952828 0.2078167 -0.0069416 0.9778128 0.2032924 -0.0500603
1544555321.700515 -0.5364524 0.7073197 0.2066931 -0.0084305 0.9789096 0.2021427 -0.0283442
1544555321.866280 -0.5586776 0.6968963 0.2008092 -0.0096897 0.9789732 0.2016590 -0.0291748
1544555322.895919 -0.7627798 0.6833661 0.1999636 -0.0082529 0.9792866 0.2021250 -0.0086677
1544555323.104160 -0.8128790 0.6725864 0.1984623 -0.0069580 0.9791157 0.2029958 0.0087655
1544555324.368207 -1.0534511 0.6223667 0.1783847 -0.0102028 0.9767444 0.2030775 0.0680131
1544555325.085559 -1.2039270 0.6596910 0.1616567 -0.0127186 0.9766789 0.2046019 0.0638329
1544555325.622256 -1.2147923 0.6569077 0.1547417 -0.0157261 0.9772785 0.2045056 0.0534505
1544555325.870744 -1.2597715 0.6567589 0.1589019 -0.0118128 0.9783781 0.2049287 0.0253168
1544555326.785603 -1.3283595 0.6459996 0.1197620 -0.0127024 0.9758099 0.2028423 0.0805526
1544555327.117516 -1.4205313 0.6507812 0.1103460 -0.0077058 0.9748803 0.2067821 0.0824026
1544555327.454518 -1.4819961 0.6657525 0.1026180 -0.0073316 0.9771172 0.2060408 0.0523009
1544555328.397307 -1.6375129 0.6732836 0.1119031 -0.0072231 0.9773406 0.2057631 0.0491400
1544555328.716330 -1.7075483 0.6724848 0.1056955 -0.0068766 0.9757529 0.2052788 0.0756282
1544555329.021821 -1.7570513 0.6643598 0.0962385 -0.0092680 0.9765307 0.2070180 0.0586982
1544555329.857146 -1.9318601 0.6600806 0.1041835 -0.0060216 0.9773498 0.2067856 0.0446200
1544555330.126769 -1.9953834 0.6547273 0.0920009 -0.0052608 0.9769127 0.2069640 0.0527246
1544555330.374602 -2.0561216 0.6595032 0.0837711 -0.0064801 0.9766984 0.2054059 0.0618599
1544555330.763661 -2.0982649 0.6569322 0.0988632 -0.0108457 0.9756635 0.2034043 0.0811770
1544555330.986441 -2.1349785 0.6541556 0.0980027 -0.0118541 0.9769786 0.2037387 0.0621517
1544555331.252157 -2.1949530 0.6499926 0.0800232 -0.0088568 0.9776853 0.2063657 0.0382894
1544555331.723156 -2.3089533 0.6428167 0.0821920 -0.0061410 0.9772367 0.2045431 0.0559727
1544555332.171152 -2.3752706 0.6540133 0.0616583 -0.0082081 0.9776252 0.2051416 0.0458090
1544555332.539871 -2.4517186 0.6605759 0.0473033 -0.0080378 0.9771826 0.2048753 0.0554594
1544555332.740713 -2.4840965 0.6625559 0.0428659 -0.0080882 0.9763027 0.2035247 0.0731109
1544555332.968913 -2.5022223 0.6619796 0.0400413 -0.0101371 0.9769335 0.2030660 0.0652870
1544555333.214854 -2.5376430 0.6447340 0.0268937 -0.0101215 0.9778045 0.2047094 0.0434733
1544555333.474542 -2.5896120 0.6392117 0.0094467 -0.0073790 0.9773629 0.2052617 0.0507433
1544555333.683041 -2.6313670 0.6387444 -0.0082340 -0.0066150 0.9760277 0.2054110 0.0716408
1544555334.451478 -2.7678561 0.6452758 0.0032751 -0.0086826 0.9787153 0.2033288 0.0264268
1544555334.638852 -2.8026547 0.6481270 0.0016688 -0.0074099 0.9786499 0.2036339 0.0268811
1544555334.812259 -2.8498197 0.6492361 -0.0116245 -0.0066973 0.9781329 0.2052938 0.0326435
1544555334.987282 -2.8754888 0.6500870 -0.0172189 -0.0078692 0.9776243 0.2050025 0.0465062
1544555335.156142 -2.8925824 0.6544317 -0.0170255 -0.0090793 0.9750148 0.2040211 0.0874017
1544555335.361366 -2.9100180 0.6629586 -0.0153477 -0.0099657 0.9686267 0.2018525 0.1446323
1544555335.757680 -2.9146876 0.6627033 -0.0275823 -0.0155409 0.9531895 0.1983528 0.2276936
1544555335.988382 -2.9261770 0.6611841 -0.0332723 -0.0137014 0.9438446 0.1964953 0.2652533
1544555336.181423 -2.9462550 0.6684868 -0.0374682 -0.0132032 0.9304847 0.1921804 0.3115937
1544555336.357013 -2.9566214 0.6699558 -0.0446821 -0.0131470 0.9149435 0.1888179 0.3564455
1544555336.499998 -2.9613702 0.6724767 -0.0564965 -0.0139240 0.9074627 0.1874895 0.3757198
1544555336.989211 -2.9822655 0.6564723 -0.0946021 -0.0131904 0.8592849 0.1754577 0.4802813
1544555337.633550 -3.0005860 0.6417071 -0.1036997 -0.0114380 0.7905803 0.1604775 0.5908459
1544555337.815799 -3.0032406 0.6385029 -0.1069652 -0.0116023 0.7669638 0.1551626 0.6225404
1544555338.326191 -2.9939771 0.6363590 -0.1641613 -0.0104841 0.7642626 0.1545849 0.6260161
1544555338.919535 -2.9482565 0.6347981 -0.2210331 -0.0100391 0.7268602 0.1466863 0.6708626
1544555339.276861 -2.9493566 0.6392713 -0.2724725 -0.0073672 0.7038288 0.1399347 0.6964116
1544555339.616398 -2.9309075 0.6390266 -0.3103597 -0.0086009 0.6855419 0.1353836 0.7152829
1544555339.843848 -2.9261382 0.6439717 -0.3245761 -0.0085709 0.6771854 0.1326033 0.7237146
1544555341.038943 -2.9178257 0.6837924 -0.6081134 -0.0041956 0.6767293 0.1348675 0.7237614
1544555342.558715 -2.8504124 0.7701913 -0.8770654 -0.0041458 0.6405199 0.1272571 0.7573128
1544555343.473435 -2.8371990 0.7949463 -1.0574852 -0.0063414 0.6491603 0.1278756 0.7497990
1544555343.741385 -2.8244612 0.7937919 -1.0860746 -0.0070108 0.6394018 0.1252782 0.7585654
1544555345.095578 -2.7047002 0.7995729 -1.2669376 -0.0033220 0.6186056 0.1228402 0.7760325
1544555345.450907 -2.6872652 0.8274348 -1.3906670 -0.0002482 0.6282547 0.1251501 0.7678759
1544555345.789310 -2.6927741 0.8721074 -1.4756142 -0.0009433 0.6590687 0.1281610 0.7410818
1544555346.415844 -2.6831939 0.8426019 -1.6612114 -0.0010280 0.6752283 0.1339488 0.7253436
1544555346.735583 -2.6471257 0.7678835 -1.7448125 -0.0025594 0.6825663 0.1352212 0.7182004
1544555347.223176 -2.6324692 0.6940672 -1.8015939 -0.0039678 0.6914230 0.1324178 0.7102000
1544555349.062246 -2.5246909 0.6502390 -1.8867955 -0.0025022 0.5668672 0.1074657 0.8167658
1544555349.507676 -2.5108414 0.6388701 -1.8799785 -0.0007831 0.5672790 0.1069622 0.8165494
1544555353.203638 -2.6094937 0.6491790 -1.8467720 0.0039112 0.0433677 -0.0054673 0.9990366
1544555355.320237 -2.4527690 0.6669207 -1.8665619 0.0033995 0.4925263 0.0962024 0.8649575
1544555355.853864 -2.4902277 0.6490370 -1.8225610 0.0017068 0.3680615 0.0675554 0.9273425
1544555357.549433 -2.5528586 0.6425427 -1.8100333 0.0020648 0.1411777 0.0166872 0.9898415
1544555357.933394 -2.5518448 0.6526892 -1.8126262 0.0023529 0.1154413 0.0113112 0.9932471
1544555362.360210 -2.4542093 0.6990841 -1.8557000 0.0016107 -0.0230225 -0.0145589 0.9996276
1544555362.580482 -2.4084001 0.7057721 -1.8367723 -0.0001125 -0.0271009 -0.0146010 0.9995260
1544555362.823035 -2.3425372 0.7031738 -1.8196697 -0.0000998 -0.0242622 -0.0129917 0.9996212
1544555363.362628 -2.1834855 0.7040634 -1.7929733 0.0023196 -0.0189487 -0.0124864 0.9997398
1544555363.606213 -2.1550052 0.7087619 -1.7731819 0.0011325 -0.0174493 -0.0149621 0.9997352
1544555364.711484 -1.8002725 0.8172731 -1.7736923 0.0049612 0.0126111 -0.0027854 0.9999043
1544555365.098585 -1.6859908 0.8425046 -1.7494844 0.0020623 -0.0108005 -0.0130150 0.9998549
1544555365.829618 -1.4981700 0.8427004 -1.7138445 0.0043262 -0.0140976 -0.0161915 0.9997602
1544555366.194409 -1.4366534 0.8232074 -1.6966075 0.0029815 -0.0271703 -0.0186115 0.9994531
1544555368.690835 -0.9311638 0.9155893 -1.6981949 0.0000137 -0.0302647 -0.0187657 0.9993657
1544555369.037340 -0.8471335 0.9064468 -1.6954743 -0.0012601 -0.0417313 -0.0179654 0.9989666
1544555369.412881 -0.7896843 0.8948779 -1.6918590 -0.0003308 -0.0463469 -0.0210409 0.9987037
1544555369.768781 -0.7119051 0.8775059 -1.6895139 -0.0004826 -0.0420268 -0.0185016 0.9989451
1544555370.561318 -0.5150502 0.9023695 -1.6700162 0.0002995 -0.0435525 -0.0169621 0.9989071
1544555370.964981 -0.3824986 0.9203092 -1.6620756 0.0008554 -0.0468951 -0.0169831 0.9987550
1544555371.730710 -0.1864564 0.9107658 -1.6527848 -0.0003971 -0.0447456 -0.0204621 0.9987888
1544555372.131557 -0.0871467 0.9136574 -1.6400514 -0.0014057 -0.0370195 -0.0190975 0.9991311
1544555372.521742 -0.0413717 0.9141651 -1.6357034 -0.0017442 -0.0305630 -0.0183740 0.9993624
1544555373.266838 0.1313972 0.9401520 -1.6078494 -0.0037683 0.0070760 -0.0055185 0.9999526
1544555373.577502 0.2026226 0.9489956 -1.5896662 -0.0023221 0.0105554 -0.0053173 0.9999275
1544555373.935668 0.2947815 0.9596849 -1.5752193 -0.0015460 -0.0006169 -0.0079825 0.9999667
