1544554608.620257 -0.3170476 0.9172966 -0.9285027 0.0255404 -0.6548750 -0.1249583 0.7448972
1544554609.501853 -0.3246442 0.9098107 -0.9149342 0.0257268 -0.6621154 -0.1252465 0.7384136
1544554610.655597 -0.3046499 0.8709714 -0.7282952 0.0237928 -0.6856214 -0.1307425 0.7157259
1544554610.942513 -0.2932420 0.8616871 -0.6876520 0.0250169 -0.6834450 -0.1314283 0.7176376
1544554611.199109 -0.3073062 0.8492007 -0.6462412 0.0245727 -0.6744558 -0.1319400 0.7260147
1544554611.757063 -0.3201780 0.8167347 -0.5245702 0.0239452 -0.6910340 -0.1344076 0.7098121
1544554612.057121 -0.3220536 0.7994142 -0.4595950 0.0245049 -0.6997524 -0.1362838 0.7008373
1544554612.339506 -0.3182172 0.7883327 -0.4026879 0.0263632 -0.7017434 -0.1372083 0.6985950
1544554612.674300 -0.3159145 0.7698715 -0.3393073 0.0276651 -0.7088807 -0.1399301 0.6907549
1544554612.995980 -0.3169630 0.7503005 -0.2811434 0.0273381 -0.6956521 -0.1373402 0.7045981
1544554613.309408 -0.3241105 0.7392460 -0.2376080 0.0277723 -0.7007210 -0.1410091 0.6988099
1544554613.933244 -0.3354495 0.7014322 -0.1014071 0.0261883 -0.6903857 -0.1368288 0.7099012
1544554614.599802 -0.3250177 0.6713737 0.0412519 0.0248292 -0.6899437 -0.1347758 0.7107719
1544554616.643839 -0.3453130 0.5929536 0.2396347 0.0285180 -0.6512975 -0.1297637 0.7471009
1544554617.389207 -0.3667569 0.5784547 0.3339978 0.0229867 -0.6686332 -0.1297245 0.7318285
1544554617.751975 -0.3659119 0.5801297 0.3876589 0.0246307 -0.6837583 -0.1330725 0.7170492
1544554618.125167 -0.3720553 0.5572125 0.4458894 0.0247111 -0.7097712 -0.1402783 0.6898813
1544554618.485626 -0.3976341 0.5374057 0.4630979 0.0275911 -0.7383143 -0.1506452 0.6568384
1544554618.848316 -0.4255576 0.5164716 0.4478770 0.0303747 -0.7671024 -0.1594680 0.6206458
1544554619.233609 -0.4764047 0.5307726 0.4265676 0.0309032 -0.8165525 -0.1750341 0.5492268
1544554620.446088 -0.5926160 0.5520923 0.4448579 -0.0349109 0.9357603 0.1953800 -0.2914800
1544554621.012147 -0.6192605 0.5637455 0.4703878 -0.0388497 0.9702384 0.2076864 -0.1182982
1544554621.237481 -0.6254457 0.5569561 0.4744560 -0.0401488 0.9740025 0.2084936 -0.0789782
1544554621.372389 -0.6385891 0.5491777 0.4745893 -0.0381227 0.9741604 0.2093712 -0.0756424
1544554621.506603 -0.6561723 0.5382563 0.4780708 -0.0374340 0.9743251 0.2088895 -0.0751970
1544554621.678407 -0.6772804 0.5261365 0.4786510 -0.0370519 0.9727377 0.2092789 -0.0927941
1544554621.814583 -0.6947106 0.5291062 0.4717050 -0.0355674 0.9727210 0.2097349 -0.0925213
1544554621.989626 -0.7257558 0.5371666 0.4744956 -0.0345579 0.9726774 0.2090503 -0.0948813
1544554622.383354 -0.7762634 0.5487956 0.4720931 -0.0352241 0.9747310 0.2077360 -0.0741930
1544554623.013321 -0.8657429 0.5528995 0.4834732 -0.0332921 0.9767645 0.2079309 -0.0398431
1544554623.374539 -0.9224567 0.5322127 0.4808126 -0.0331902 0.9760790 0.2078806 -0.0543493
1544554623.775167 -1.0027347 0.5180191 0.4796907 -0.0314991 0.9772155 0.2078385 -0.0293400
1544554623.982307 -1.0357208 0.5212170 0.4841725 -0.0329706 0.9773533 0.2072118 -0.0275087
1544554624.167873 -1.0557878 0.5194372 0.4889147 -0.0332697 0.9774051 0.2078397 -0.0193674
1544554624.371359 -1.0672773 0.5172811 0.4860005 -0.0367391 0.9772881 0.2087061 -0.0002455
1544554624.644667 -1.1024557 0.4990197 0.4710992 -0.0362633 0.9770365 0.2093845 0.0155799
1544554625.126139 -1.2150673 0.4830080 0.4595792 -0.0305908 0.9770174 0.2101110 0.0188299
1544554625.396110 -1.2610844 0.4984896 0.4602123 -0.0327532 0.9772603 0.2094678 -0.0035701
1544554625.875797 -1.2808349 0.5003380 0.4467011 -0.0372925 0.9767464 0.2110942 0.0038750
1544554626.434577 -1.3102708 0.4952831 0.4610061 -0.0346475 0.9771510 0.2094289 -0.0107206
1544554627.844071 -1.4545299 0.4898584 0.4287289 -0.0301627 0.9764055 0.2118959 0.0286820
1544554628.171492 -1.4883164 0.4931265 0.4275836 -0.0317348 0.9768348 0.2114761 -0.0080276
1544554628.774181 -1.5511067 0.4936882 0.4416853 -0.0319232 0.9774632 0.2086493 -0.0034862
1544554630.222569 -1.7494131 0.4760199 0.4406102 -0.0312716 0.9770433 0.2098554 -0.0192169
1544554630.708384 -1.8307507 0.4643306 0.4506849 -0.0301982 0.9772330 0.2099084 0.0064956
1544554630.905984 -1.8620020 0.4678776 0.4453939 -0.0315593 0.9775156 0.2082716 0.0094967
1544554631.136803 -1.8911685 0.4649484 0.4512528 -0.0328146 0.9771016 0.2076209 0.0330029
1544554631.347029 -1.9021072 0.4611485 0.4587608 -0.0361529 0.9768553 0.2080220 0.0342568
1544554631.570707 -1.9251791 0.4589522 0.4605838 -0.0362947 0.9774918 0.2073377 0.0142674
1544554632.051995 -2.0085640 0.4450152 0.4532255 -0.0320179 0.9771733 0.2097785 0.0100076
1544554632.249063 -2.0490773 0.4389246 0.4601878 -0.0322622 0.9774522 0.2085087 0.0083977
1544554632.597645 -2.0840685 0.4396145 0.4521291 -0.0341030 0.9771113 0.2099661 0.0021662
1544554632.976474 -2.1407046 0.4429667 0.4476046 -0.0333197 0.9771117 0.2099723 -0.0073622
1544554633.111369 -2.1567898 0.4417044 0.4462360 -0.0334945 0.9771897 0.2096478 0.0051096
1544554633.321115 -2.1843660 0.4403194 0.4454980 -0.0340373 0.9769452 0.2090117 0.0270860
1544554633.494788 -2.1977718 0.4389570 0.4438528 -0.0358826 0.9770347 0.2090659 0.0201746
1544554633.674703 -2.2082167 0.4328716 0.4431313 -0.0369752 0.9771134 0.2092865 0.0090164
1544554634.087303 -2.2712927 0.4156446 0.4251937 -0.0322495 0.9768153 0.2112967 0.0120648
1544554634.273503 -2.3000677 0.4125010 0.4165140 -0.0313722 0.9762889 0.2122361 0.0288381
1544554634.486961 -2.3332300 0.4074234 0.4124458 -0.0327821 0.9768426 0.2111537 0.0108606
1544554634.860713 -2.3773618 0.4115951 0.4274147 -0.0342370 0.9774601 0.2082472 -0.0057035
1544554635.021935 -2.4001701 0.4117648 0.4323256 -0.0345044 0.9773582 0.2081968 -0.0153118
1544554635.155753 -2.4215176 0.4124888 0.4323225 -0.0337325 0.9772868 0.2087365 -0.0142039
1544554635.298071 -2.4452457 0.4099877 0.4304541 -0.0327733 0.9770461 0.2103698 -0.0071693
1544554635.666380 -2.4916906 0.4101816 0.4227890 -0.0346731 0.9765392 0.2106758 0.0280134
1544554635.831578 -2.5048652 0.4141841 0.4248568 -0.0343526 0.9740927 0.2106126 0.0748715
1544554636.048118 -2.5102322 0.4212609 0.4247818 -0.0366212 0.9681510 0.2096356 0.1318921
1544554636.439307 -2.5104251 0.4177611 0.4149977 -0.0403507 0.9547462 0.2086589 0.2080694
1544554636.673063 -2.5286624 0.4190197 0.4125464 -0.0370293 0.9455304 0.2071645 0.2483626
1544554636.841297 -2.5398951 0.4216402 0.4082661 -0.0359841 0.9344284 0.2056052 0.2885745
1544554636.988557 -2.5472789 0.4232399 0.4002165 -0.0349781 0.9221367 0.2041939 0.3267191
1544554637.135619 -2.5448239 0.4213609 0.3963160 -0.0356099 0.9072422 0.2021882 0.3671015
1544554637.405456 -2.5526998 0.4083995 0.3782383 -0.0344977 0.8789701 0.1968068 0.4329995
1544554637.753085 -2.5712876 0.4065995 0.3735923 -0.0333612 0.8566589 0.1907465 0.4781615
1544554637.894603 -2.5722029 0.4025810 0.3720573 -0.0328533 0.8469855 0.1891125 0.4957547
1544554638.107151 -2.5756183 0.4000176 0.3660778 -0.0315357 0.8221905 0.1852279 0.5373071
1544554639.103341 -2.5598848 0.3983359 0.3103895 -0.0283639 0.7755480 0.1762123 0.6055329
1544554639.321375 -2.5511208 0.4031283 0.3010368 -0.0277755 0.7568126 0.1730202 0.6297041
1544554639.623749 -2.5413990 0.4007267 0.2629355 -0.0250405 0.7411489 0.1691882 0.6491891
1544554639.896543 -2.5446720 0.4048706 0.2314084 -0.0228760 0.7204378 0.1634292 0.6736000
1544554640.842323 -2.5334282 0.4084035 0.1468649 -0.0208180 0.6939297 0.1587187 0.7020232
1544554641.184905 -2.5341914 0.4240418 0.0689637 -0.0173200 0.6927866 0.1602786 0.7028923
1544554641.717162 -2.5416100 0.4442881 -0.0152526 -0.0188501 0.6955848 0.1583109 0.7005313
1544554643.147131 -2.5039907 0.5108893 -0.2017710 -0.0167492 0.6672063 0.1541621 0.7285528
1544554643.451546 -2.5122862 0.5228199 -0.2599461 -0.0162816 0.6808687 0.1566936 0.7152621
1544554643.741603 -2.5061738 0.5339980 -0.2956132 -0.0181983 0.6821159 0.1564684 0.7140759
1544554645.614955 -2.4239898 0.5365291 -0.4696258 -0.0156047 0.6496612 0.1519630 0.7447175
1544554645.942744 -2.4116285 0.5581269 -0.5630313 -0.0115095 0.6513658 0.1531544 0.7430572
1544554646.270246 -2.4180439 0.5884889 -0.6233888 -0.0123787 0.6769975 0.1544350 0.7194936
1544554646.910437 -2.4310555 0.5989587 -0.7384199 -0.0138777 0.6936752 0.1575189 0.7027161
1544554647.703487 -2.3923938 0.4810984 -0.8701234 -0.0163113 0.7125108 0.1597544 0.6830379
1544554648.361057 -2.3843362 0.4363090 -0.8995817 -0.0156446 0.7389944 0.1622279 0.6537008
1544554648.716060 -2.3670192 0.4462354 -0.9140710 -0.0146082 0.6969908 0.1584762 0.6991965
1544554651.441478 -2.3037984 0.4150283 -0.9205655 -0.0052244 0.4744346 0.1115226 0.8731822
1544554653.782868 -2.3695939 0.4447876 -0.9133879 0.0084786 0.0822344 0.0266627 0.9962202
1544554653.909591 -2.3701425 0.4442892 -0.9127082 0.0084125 0.0804681 0.0263303 0.9963738
1544554655.479240 -2.2666779 0.4517813 -0.9319834 -0.0043971 0.5277876 0.1275200 0.8397378
1544554655.894709 -2.2713699 0.4569798 -0.9321758 -0.0049373 0.5274754 0.1252092 0.8402785
1544554656.350214 -2.2847047 0.4490299 -0.9045588 -0.0033903 0.4317202 0.1046202 0.8959134
1544554658.199185 -2.3332586 0.4439671 -0.8878796 0.0046212 0.1689139 0.0468391 0.9845064
1544554658.544638 -2.3389556 0.4463109 -0.8850044 0.0046484 0.1522310 0.0425614 0.9874172
1544554662.796787 -2.2800057 0.4777505 -0.9285243 0.0081209 0.0136466 0.0166198 0.9997358
1544554662.994950 -2.2548840 0.4874471 -0.9209236 0.0063923 0.0092676 0.0157062 0.9998133
1544554663.195253 -2.2249556 0.4907277 -0.9094282 0.0048994 0.0142358 0.0176978 0.9997301
1544554664.159388 -2.0466619 0.5061988 -0.8853784 0.0061889 0.0242290 0.0165397 0.9995505
1544554666.117576 -1.6022606 0.6129614 -0.8648083 0.0052217 0.0219328 0.0160188 0.9996175
1544554666.781253 -1.5218548 0.6188036 -0.8692307 0.0073764 0.0144869 0.0128830 0.9997848
1544554667.822083 -1.3508885 0.6433634 -0.8049523 0.0056031 0.0079063 0.0162199 0.9998215
1544554668.490406 -1.2345964 0.6904590 -0.8360198 0.0119872 -0.0028194 0.0114529 0.9998586
1544554669.148068 -1.1812955 0.7147939 -0.8931862 0.0066755 0.0186858 0.0131013 0.9997173
1544554669.499635 -1.1228356 0.7112283 -0.9003267 0.0041910 -0.0005598 0.0123439 0.9999149
1544554669.866448 -1.0664349 0.7071372 -0.8980451 0.0054907 -0.0029699 0.0116458 0.9999127
1544554670.208763 -1.0271889 0.6984856 -0.9035190 0.0057301 -0.0014849 0.0123251 0.9999065
1544554670.564397 -0.9640067 0.7024581 -0.9028579 0.0064599 -0.0012786 0.0138676 0.9998822
1544554671.611624 -0.7389977 0.7454355 -0.9044652 0.0076250 -0.0058472 0.0137766 0.9998589
1544554671.964757 -0.6634671 0.7409887 -0.9060870 0.0072390 -0.0022325 0.0135255 0.9998798
1544554672.333075 -0.6058715 0.7474419 -0.9043331 0.0064136 -0.0040770 0.0106447 0.9999145
1544554672.716453 -0.5321593 0.7553824 -0.8988878 0.0058202 0.0036380 0.0121245 0.9999030
1544554673.045286 -0.5010543 0.7554088 -0.8996831 0.0048017 0.0096488 0.0126930 0.9998614
1544554673.742537 -0.3839459 0.7809762 -0.8915145 0.0032449 0.0359628 0.0233415 0.9990752
1544554674.064787 -0.3348185 0.7898115 -0.8835529 0.0031186 0.0507834 0.0254949 0.9983793
1544554674.434729 -0.2543241 0.8035977 -0.8663732 0.0046942 0.0415704 0.0247226 0.9988186
1544554674.758922 -0.2138160 0.8147808 -0.8777634 0.0071116 0.0284010 0.0193289 0.9993844
