1544554066.400587 -0.2966478 1.0839744 -1.2257268 0.0024162 -0.6369176 -0.1360089 0.7588358
1544554066.647429 -0.2941480 1.0819666 -1.2205782 0.0026034 -0.6372387 -0.1352332 0.7587042
1544554066.869434 -0.2912733 1.0738007 -1.2041487 0.0018050 -0.6413775 -0.1357735 0.7551140
1544554068.268448 -0.2358927 1.0153283 -0.9161583 0.0005578 -0.6629622 -0.1414026 0.7351776
1544554068.506083 -0.2494696 1.0059135 -0.8696032 0.0005177 -0.6561356 -0.1417449 0.7412113
1544554068.752666 -0.2526578 0.9875842 -0.8129804 -0.0004853 -0.6591038 -0.1420050 0.7385232
1544554069.299949 -0.2595624 0.9538659 -0.6513767 -0.0001321 -0.6768863 -0.1449905 0.7216666
1544554069.555780 -0.2572151 0.9418641 -0.5904981 0.0014708 -0.6823539 -0.1462591 0.7162396
1544554069.824197 -0.2474088 0.9276093 -0.5219923 0.0022276 -0.6807423 -0.1464311 0.7177345
1544554070.233782 -0.2417136 0.8949021 -0.4225070 0.0030427 -0.6771902 -0.1464088 0.7210885
1544554071.168829 -0.2567715 0.8394089 -0.2000545 0.0011629 -0.6727209 -0.1449366 0.7255608
1544554071.466170 -0.2501217 0.8356003 -0.1374369 0.0020215 -0.6704070 -0.1441230 0.7278591
1544554071.776723 -0.2463833 0.8192312 -0.0604634 0.0014628 -0.6679643 -0.1426156 0.7303988
1544554073.127682 -0.2396145 0.7174072 0.2535507 0.0028395 -0.6376781 -0.1384634 0.7577509
1544554074.277847 -0.2787496 0.6820889 0.2597269 0.0012238 -0.6329269 -0.1386609 0.7616923
1544554074.667842 -0.2731879 0.6953688 0.3412719 -0.0005809 -0.6449070 -0.1382198 0.7516581
1544554075.054816 -0.2693031 0.7029299 0.4124009 0.0007984 -0.6594546 -0.1409196 0.7384177
1544554075.437309 -0.2706510 0.6818431 0.4806880 0.0009094 -0.6873501 -0.1471660 0.7112603
1544554075.826123 -0.3043704 0.6540394 0.5148663 0.0030466 -0.7177572 -0.1569106 0.6783763
1544554076.204365 -0.3460449 0.6268148 0.4987694 0.0048297 -0.7500750 -0.1659309 0.6401805
1544554076.563914 -0.4067549 0.6502404 0.4709583 0.0046916 -0.7992905 -0.1783609 0.5738468
1544554077.472284 -0.5191825 0.6579770 0.4693281 -0.0068356 0.9019610 0.1918280 -0.3868097
1544554077.867411 -0.5445047 0.6850852 0.5051695 -0.0082187 0.9338650 0.1943756 -0.3000781
1544554078.035807 -0.5542867 0.6922323 0.5115920 -0.0096293 0.9487443 0.1983946 -0.2458275
1544554078.208355 -0.5614018 0.6994174 0.5225466 -0.0105080 0.9599007 0.1994531 -0.1967198
1544554078.420087 -0.5679546 0.6981360 0.5353991 -0.0117553 0.9693099 0.2006789 -0.1415206
1544554078.884030 -0.6171025 0.6643774 0.5489818 -0.0119245 0.9731010 0.2020951 -0.1099534
1544554079.016546 -0.6393182 0.6569099 0.5483602 -0.0103266 0.9713706 0.2019196 -0.1247433
1544554079.354931 -0.7065012 0.6766269 0.5487294 -0.0061348 0.9708224 0.2008354 -0.1308871
1544554079.864181 -0.7727427 0.6773309 0.5479022 -0.0096474 0.9743793 0.2001407 -0.1021550
1544554080.316774 -0.8559773 0.7015208 0.5645745 -0.0063127 0.9772204 0.1982036 -0.0756026
1544554080.488734 -0.8824292 0.7017384 0.5721470 -0.0083421 0.9768550 0.1970901 -0.0827051
1544554080.659918 -0.9170008 0.6840021 0.5734428 -0.0076230 0.9755822 0.1979956 -0.0947576
1544554080.829695 -0.9569080 0.6705806 0.5730153 -0.0067874 0.9762970 0.1995466 -0.0835426
1544554081.484375 -1.0913525 0.6696696 0.5948155 -0.0082524 0.9785774 0.1980954 -0.0554645
1544554081.726996 -1.1076100 0.6667673 0.5898333 -0.0113671 0.9792897 0.1985717 -0.0378399
1544554081.987517 -1.1518891 0.6443238 0.5831600 -0.0116896 0.9796475 0.1993333 -0.0205015
1544554082.220172 -1.2090911 0.6189548 0.5809301 -0.0080134 0.9798087 0.1995889 -0.0086606
1544554083.958964 -1.4268560 0.6432866 0.5709537 -0.0095293 0.9789171 0.2017274 -0.0306038
1544554084.620883 -1.4605546 0.6405463 0.5506583 -0.0123241 0.9799107 0.1990082 -0.0043350
1544554084.930324 -1.5235369 0.6381496 0.5672032 -0.0077564 0.9796547 0.2004980 0.0041406
1544554085.209656 -1.5880787 0.6481479 0.5658148 -0.0052000 0.9795702 0.2007503 -0.0106970
1544554085.773390 -1.6494951 0.6616300 0.5701138 -0.0092952 0.9784780 0.2000157 -0.0498810
1544554086.061178 -1.6804726 0.6568035 0.5889341 -0.0084785 0.9788808 0.1983111 -0.0489194
1544554086.875045 -1.8251595 0.6499959 0.5942223 -0.0086540 0.9797476 0.1998794 -0.0082434
1544554087.131684 -1.8677847 0.6478181 0.5896537 -0.0086949 0.9791597 0.1994077 -0.0375149
1544554087.868095 -2.0016811 0.6382381 0.6185437 -0.0054399 0.9790328 0.1993666 -0.0414524
1544554088.135030 -2.0581675 0.6423578 0.6134357 -0.0068677 0.9793705 0.1980250 -0.0396518
1544554088.334003 -2.1030982 0.6439632 0.6171857 -0.0075108 0.9802855 0.1968294 -0.0155570
1544554088.943483 -2.1489468 0.6304300 0.6411445 -0.0122341 0.9794104 0.1986616 -0.0337539
1544554089.123330 -2.1896443 0.6263381 0.6428063 -0.0101012 0.9787605 0.1980669 -0.0519158
1544554089.493349 -2.2655907 0.6158832 0.6574469 -0.0090138 0.9794475 0.1977649 -0.0386066
1544554089.664839 -2.2901502 0.6124668 0.6626345 -0.0096043 0.9793794 0.1981576 -0.0381750
1544554090.227879 -2.3789043 0.6201758 0.6562018 -0.0097861 0.9782331 0.1993010 -0.0569504
1544554090.367914 -2.3999343 0.6211503 0.6569605 -0.0093345 0.9785786 0.1990005 -0.0519181
1544554090.532940 -2.4223599 0.6197727 0.6559112 -0.0102885 0.9794888 0.1991022 -0.0292257
1544554090.696573 -2.4443140 0.6177047 0.6615514 -0.0113826 0.9797992 0.1986243 -0.0203060
1544554090.903896 -2.4585557 0.6154146 0.6617103 -0.0130380 0.9794223 0.1991108 -0.0302785
1544554091.537524 -2.5656896 0.5882806 0.6471215 -0.0099334 0.9793447 0.2007091 -0.0223862
1544554091.732619 -2.6039510 0.5825540 0.6417776 -0.0092366 0.9790918 0.2010613 -0.0294671
1544554092.034958 -2.6451218 0.5840343 0.6568605 -0.0117656 0.9784510 0.1993759 -0.0523880
1544554092.167326 -2.6644530 0.5865335 0.6667585 -0.0098121 0.9783947 0.1979303 -0.0589152
1544554092.329863 -2.6910908 0.5861799 0.6784092 -0.0103864 0.9777133 0.1983753 -0.0679411
1544554092.469190 -2.7157462 0.5877854 0.6826196 -0.0102731 0.9775901 0.1990427 -0.0677796
1544554092.900090 -2.7964494 0.5864933 0.6788875 -0.0108070 0.9783344 0.2011225 -0.0479032
1544554093.049670 -2.8091385 0.5888467 0.6808388 -0.0105888 0.9794119 0.2009059 -0.0166422
1544554093.222953 -2.8237550 0.5945805 0.6865345 -0.0129142 0.9792311 0.1998467 0.0316398
1544554093.810285 -2.8340840 0.5949544 0.6737678 -0.0185881 0.9668306 0.1983312 0.1598686
1544554093.974718 -2.8500748 0.5968674 0.6716315 -0.0173690 0.9623325 0.1965419 0.1870449
1544554094.117855 -2.8623824 0.5999843 0.6720645 -0.0171331 0.9559910 0.1942681 0.2191976
1544554094.263303 -2.8720887 0.6017642 0.6670295 -0.0172575 0.9445546 0.1915616 0.2661259
1544554094.410812 -2.8779762 0.6042196 0.6569272 -0.0156854 0.9388763 0.1916583 0.2855388
1544554094.545455 -2.8739901 0.5981613 0.6544797 -0.0190882 0.9179696 0.1864987 0.3495507
1544554094.680789 -2.8819451 0.5869947 0.6428826 -0.0200593 0.9080667 0.1846838 0.3753723
1544554095.180111 -2.9108453 0.5797051 0.6345474 -0.0186431 0.8819821 0.1768792 0.4364329
1544554095.675422 -2.9222889 0.5725748 0.6231735 -0.0172148 0.8262382 0.1657732 0.5381016
1544554095.822380 -2.9226990 0.5673505 0.6166470 -0.0175415 0.8183879 0.1642437 0.5504158
1544554096.003041 -2.9231305 0.5687199 0.5981202 -0.0168261 0.8157519 0.1642049 0.5543488
1544554096.384580 -2.9156840 0.5666925 0.5637698 -0.0167488 0.8136370 0.1632659 0.5577262
1544554097.021200 -2.8947353 0.5679948 0.4900082 -0.0146691 0.7745011 0.1538179 0.6134109
1544554097.798483 -2.8870287 0.5767566 0.4239962 -0.0145831 0.7433710 0.1449898 0.6528131
1544554097.983464 -2.8992946 0.5755060 0.4063247 -0.0134688 0.7375270 0.1437821 0.6596963
1544554098.220213 -2.8989270 0.5749074 0.3534034 -0.0120417 0.7375632 0.1454650 0.6593143
1544554099.528772 -2.9253693 0.6310059 0.1019039 -0.0121558 0.7165126 0.1399464 0.6832840
1544554100.391169 -2.9122088 0.6780112 -0.0393165 -0.0108881 0.7149448 0.1412678 0.6846743
1544554102.432349 -2.8948665 0.6898789 -0.3176780 -0.0117804 0.6898587 0.1350472 0.7111388
1544554102.726073 -2.8660235 0.6978827 -0.3570362 -0.0120756 0.7009700 0.1378783 0.6996319
1544554103.018827 -2.8627479 0.7052152 -0.4403314 -0.0095853 0.6919489 0.1377818 0.7086120
1544554103.304866 -2.8659167 0.7236157 -0.5367484 -0.0066793 0.6959012 0.1390458 0.7045162
1544554103.605541 -2.8923593 0.7535440 -0.6089512 -0.0077876 0.7180133 0.1391753 0.6819285
1544554104.126463 -2.9120007 0.7825343 -0.7116248 -0.0095032 0.7372355 0.1429132 0.6602796
1544554104.918911 -2.9033937 0.6271530 -0.9218950 -0.0114183 0.7505836 0.1453074 0.6444994
1544554105.522417 -2.8954055 0.5552383 -0.9617363 -0.0108063 0.7759584 0.1477649 0.6131372
1544554105.959204 -2.8798075 0.5512730 -0.9859301 -0.0106176 0.7537845 0.1474664 0.6402732
1544554107.099202 -2.8124464 0.5515926 -1.0398126 -0.0124811 0.6405996 0.1228747 0.7578774
1544554109.671305 -2.8230410 0.5492581 -0.9715769 -0.0067992 0.2746377 0.0452278 0.9604595
1544554110.734729 -2.8785381 0.5525493 -0.9737136 -0.0043425 0.1653715 0.0215112 0.9859871
1544554112.639714 -2.7558517 0.5620334 -1.0225574 -0.0051909 0.5563502 0.1124557 0.8232868
1544554113.026078 -2.7448847 0.5691199 -1.0417721 -0.0049166 0.6009412 0.1193173 0.7903219
1544554116.250191 -2.8426354 0.5568600 -0.9640426 -0.0061856 0.1647649 0.0244575 0.9860102
1544554119.342811 -2.8511653 0.5781544 -1.0076458 -0.0025860 0.0515223 0.0008702 0.9986681
1544554119.938852 -2.7826416 0.5911521 -1.0151886 -0.0049238 0.0725704 0.0089475 0.9973110
1544554120.375417 -2.7261455 0.6162021 -1.0122731 -0.0059805 0.0645293 0.0075330 0.9978694
1544554120.876546 -2.5971408 0.6189254 -1.0171136 -0.0061907 0.0727916 0.0106154 0.9972715
1544554121.310378 -2.4840338 0.6293413 -1.0121204 -0.0050619 0.0756767 0.0099104 0.9970703
1544554121.717892 -2.4283643 0.6408431 -1.0004953 -0.0059545 0.0957138 0.0114309 0.9953254
1544554122.922887 -2.0638247 0.7818821 -1.0558510 -0.0029100 0.0983803 0.0140475 0.9950455
1544554123.237154 -1.9738185 0.7664732 -1.0390987 -0.0060298 0.0875067 0.0097829 0.9960976
1544554123.554869 -1.8907216 0.7771183 -1.0412366 -0.0037827 0.0857383 0.0092375 0.9962677
1544554124.530262 -1.7323011 0.7759526 -1.0232147 -0.0067807 0.0733533 0.0057855 0.9972662
1544554125.144561 -1.5848496 0.7951159 -1.0021266 -0.0065921 0.0636402 0.0080818 0.9979184
1544554126.473984 -1.3924743 0.8820657 -1.1287577 -0.0045144 0.0758380 0.0047961 0.9970984
1544554126.719477 -1.3556707 0.8802572 -1.1409458 -0.0062024 0.0624464 0.0045146 0.9980189
1544554127.325356 -1.2469144 0.8652637 -1.1590061 -0.0066783 0.0547810 0.0026173 0.9984726
1544554127.607332 -1.1995848 0.8575787 -1.1644485 -0.0061111 0.0570702 0.0038205 0.9983441
1544554127.941694 -1.1249257 0.8619788 -1.1724194 -0.0053661 0.0575726 0.0054700 0.9983119
1544554128.313077 -1.0345438 0.8768559 -1.1845121 -0.0047322 0.0563967 0.0061405 0.9983783
1544554128.632678 -0.9533473 0.8979544 -1.1879566 -0.0042251 0.0554604 0.0061486 0.9984330
1544554128.941336 -0.8657732 0.9076659 -1.2058200 -0.0044377 0.0534040 0.0054767 0.9985481
1544554129.603433 -0.7101400 0.9091372 -1.2226945 -0.0049596 0.0557129 0.0025447 0.9984313
1544554130.301705 -0.5728633 0.9139761 -1.2379613 -0.0062202 0.0690393 0.0045192 0.9975843
1544554130.611906 -0.5462804 0.9263860 -1.2356262 -0.0075609 0.0722655 0.0041519 0.9973481
1544554130.854542 -0.4912216 0.9319207 -1.2382045 -0.0072973 0.0841173 0.0094093 0.9963847
1544554131.219210 -0.3892534 0.9539067 -1.2430667 -0.0075224 0.1064532 0.0162957 0.9941557
1544554131.456688 -0.3369436 0.9573476 -1.2409295 -0.0072023 0.1084657 0.0167239 0.9939334
1544554131.771647 -0.2554710 0.9613891 -1.2380071 -0.0082742 0.1014553 0.0163463 0.9946714
