1544554608.620257 0 0.9172966 0 0.0255404 -0.6548750 -0.1249583 0.7448972
1544554609.501853 -0.00747790474784 0.9098107 0.0136342753527 0.0257268 -0.6621154 -0.1252465 0.7384136
1544554610.655597 0.0141443457894 0.8709714 0.200091687743 0.0237928 -0.6856214 -0.1307425 0.7157259
1544554610.942513 0.0259064857391 0.8616871 0.24063378873 0.0250169 -0.6834450 -0.1314283 0.7176376
1544554611.199109 0.0122041940769 0.8492007 0.282165743674 0.0245727 -0.6744558 -0.1319400 0.7260147
1544554611.757063 0.000394650496237 0.8167347 0.403944437035 0.0239452 -0.6910340 -0.1344076 0.7098121
1544554612.057121 -0.000913869697348 0.7994142 0.468933530468 0.0245049 -0.6997524 -0.1362838 0.7008373
1544554612.339506 0.00341898605255 0.7883327 0.52580498514 0.0263632 -0.7017434 -0.1372083 0.6985950
1544554612.674300 0.0062746914286 0.7698715 0.589163077207 0.0276651 -0.7088807 -0.1399301 0.6907549
1544554612.995980 0.00573380069034 0.7503005 0.647333912277 0.0273381 -0.6956521 -0.1373402 0.7045981
1544554613.309408 -0.00103351394122 0.7392460 0.690930027494 0.0277723 -0.7007210 -0.1410091 0.6988099
1544554613.933244 -0.0111835201981 0.7014322 0.827224691568 0.0261883 -0.6903857 -0.1368288 0.7099012
1544554614.599802 0.000492801418598 0.6713737 0.969787226077 0.0248292 -0.6899437 -0.1347758 0.7107719
1544554616.643839 -0.0180705312521 0.5929536 1.16833957992 0.0285180 -0.6512975 -0.1297637 0.7471009
1544554617.389207 -0.0386901517922 0.5784547 1.26288621782 0.0229867 -0.6686332 -0.1297245 0.7318285
1544554617.751975 -0.0373769084732 0.5801297 1.31653790065 0.0246307 -0.6837583 -0.1330725 0.7170492
1544554618.125167 -0.043011924026 0.5572125 1.37481979401 0.0247111 -0.7097712 -0.1402783 0.6898813
1544554618.485626 -0.0684395794776 0.5374057 1.39225085307 0.0275911 -0.7383143 -0.1506452 0.6568384
1544554618.848316 -0.0964948419604 0.5164716 1.37727420805 0.0303747 -0.7671024 -0.1594680 0.6206458
1544554619.233609 -0.147525963094 0.5307726 1.35640933847 0.0309032 -0.8165525 -0.1750341 0.5492268
1544554620.446088 -0.263573227172 0.5520923 1.37571306406 -0.0349109 0.9357603 0.1953800 -0.2914800
1544554621.012147 -0.289993925052 0.5637455 1.40147450614 -0.0388497 0.9702384 0.2076864 -0.1182982
1544554621.237481 -0.296143388247 0.5569561 1.4055965266 -0.0401488 0.9740025 0.2084936 -0.0789782
1544554621.372389 -0.309285124539 0.5491777 1.40584451787 -0.0381227 0.9741604 0.2093712 -0.0756424
1544554621.506603 -0.326837273592 0.5382563 1.40947932572 -0.0374340 0.9743251 0.2088895 -0.0751970
1544554621.678407 -0.347939506724 0.5261365 1.41024370422 -0.0370519 0.9727377 0.2092789 -0.0927941
1544554621.814583 -0.365429657551 0.5291062 1.40345007396 -0.0355674 0.9727210 0.2097349 -0.0925213
1544554621.989626 -0.396449323175 0.5371666 1.40651148474 -0.0345579 0.9726774 0.2090503 -0.0948813
1544554622.383354 -0.446975965502 0.5487956 1.40454983258 -0.0352241 0.9747310 0.2077360 -0.0741930
1544554623.013321 -0.53635274955 0.5528995 1.4167103453 -0.0332921 0.9767645 0.2079309 -0.0398431
1544554623.374539 -0.593087607883 0.5322127 1.41454476159 -0.0331902 0.9760790 0.2078806 -0.0543493
1544554623.775167 -0.673372341443 0.5180191 1.41412345313 -0.0314991 0.9772155 0.2078385 -0.0293400
1544554623.982307 -0.706318074846 0.5212170 1.41889293685 -0.0329706 0.9773533 0.2072118 -0.0275087
1544554624.167873 -0.72634292778 0.5194372 1.42381007167 -0.0332697 0.9774051 0.2078397 -0.0193674
1544554624.371359 -0.737857421164 0.5172811 1.42099624616 -0.0367391 0.9772881 0.2087061 -0.0002455
1544554624.644667 -0.773164518402 0.4990197 1.40640249911 -0.0362633 0.9770365 0.2093845 0.0155799
1544554625.126139 -0.885872360187 0.4830080 1.39586564688 -0.0305908 0.9770174 0.2101110 0.0188299
1544554625.396110 -0.931882183227 0.4984896 1.39690029264 -0.0327532 0.9772603 0.2094678 -0.0035701
1544554625.875797 -0.951749837155 0.5003380 1.38356196054 -0.0372925 0.9767464 0.2110942 0.0038750
1544554626.434577 -0.981059783235 0.4952831 1.39812328928 -0.0346475 0.9771510 0.2094289 -0.0107206
1544554627.844071 -1.12559505842 0.4898584 1.36710620045 -0.0301627 0.9764055 0.2118959 0.0286820
1544554628.171492 -1.15939026644 0.4931265 1.36625578315 -0.0317348 0.9768348 0.2114761 -0.0080276
1544554628.774181 -1.22205511659 0.4936882 1.38090488798 -0.0319232 0.9774632 0.2086493 -0.0034862
1544554630.222569 -1.42036334759 0.4760199 1.38156035676 -0.0312716 0.9770433 0.2098554 -0.0192169
1544554630.708384 -1.50160993327 0.4643306 1.3923444686 -0.0301982 0.9772330 0.2099084 0.0064956
1544554630.905984 -1.53290621542 0.4678776 1.38732638564 -0.0315593 0.9775156 0.2082716 0.0094967
1544554631.136803 -1.56202047695 0.4649484 1.39343958505 -0.0328146 0.9771016 0.2076209 0.0330029
1544554631.347029 -1.57289324161 0.4611485 1.40104275612 -0.0361529 0.9768553 0.2080220 0.0342568
1544554631.570707 -1.59594835463 0.4589522 1.40306702446 -0.0362947 0.9774918 0.2073377 0.0142674
1544554632.051995 -1.67939429205 0.4450152 1.39643666593 -0.0320179 0.9771733 0.2097785 0.0100076
1544554632.249063 -1.71984529267 0.4389246 1.40375224158 -0.0322622 0.9774522 0.2085087 0.0083977
1544554632.597645 -1.75490548485 0.4396145 1.39599920038 -0.0341030 0.9771113 0.2099661 0.0021662
1544554632.976474 -1.81157891153 0.4429667 1.3919691096 -0.0333197 0.9771117 0.2099723 -0.0073622
1544554633.111369 -1.82767544219 0.4417044 1.39074092978 -0.0334945 0.9771897 0.2096478 0.0051096
1544554633.321115 -1.85525703235 0.4403194 1.39024360257 -0.0340373 0.9769452 0.2090117 0.0270860
1544554633.494788 -1.8686766788 0.4389570 1.3887154514 -0.0358826 0.9770347 0.2090659 0.0201746
1544554633.674703 -1.87912747728 0.4328716 1.38808512666 -0.0369752 0.9771134 0.2092865 0.0090164
1544554634.087303 -1.94235760865 0.4156446 1.37069864463 -0.0322495 0.9768153 0.2112967 0.0120648
1544554634.273503 -1.97120725669 0.4125010 1.36227038118 -0.0313722 0.9762889 0.2122361 0.0288381
1544554634.486961 -2.00440379527 0.4074234 1.35849172807 -0.0327821 0.9768426 0.2111537 0.0108606
1544554634.860713 -2.04840328822 0.4115951 1.37384517582 -0.0342370 0.9774601 0.2082472 -0.0057035
1544554635.021935 -2.07116786461 0.4117648 1.37895492627 -0.0345044 0.9773582 0.2081968 -0.0153118
1544554635.155753 -2.09251457882 0.4124888 1.37913811611 -0.0337325 0.9772868 0.2087365 -0.0142039
1544554635.298071 -2.11625807998 0.4099877 1.37747685136 -0.0327733 0.9770461 0.2103698 -0.0071693
1544554635.666380 -2.16276810127 0.4101816 1.37021734629 -0.0346731 0.9765392 0.2106758 0.0280134
1544554635.831578 -2.17592415489 0.4141841 1.37240003617 -0.0343526 0.9740927 0.2106126 0.0748715
1544554636.048118 -2.18129160502 0.4212609 1.37237187434 -0.0366212 0.9681510 0.2096356 0.1318921
1544554636.439307 -2.18156987897 0.4177611 1.36258983024 -0.0403507 0.9547462 0.2086589 0.2080694
1544554636.673063 -2.19982787591 0.4190197 1.36029777202 -0.0370293 0.9455304 0.2071645 0.2483626
1544554636.841297 -2.21109750039 0.4216402 1.35611565756 -0.0359841 0.9344284 0.2056052 0.2885745
1544554636.988557 -2.21855126436 0.4232399 1.34813079905 -0.0349781 0.9221367 0.2041939 0.3267191
1544554637.135619 -2.21613039569 0.4213609 1.34420902393 -0.0356099 0.9072422 0.2021882 0.3671015
1544554637.405456 -2.22416375149 0.4083995 1.32620074159 -0.0344977 0.8789701 0.1968068 0.4329995
1544554637.753085 -2.24279138721 0.4065995 1.32171712559 -0.0333612 0.8566589 0.1907465 0.4781615
1544554637.894603 -2.24372004759 0.4025810 1.32019017144 -0.0328533 0.8469855 0.1891125 0.4957547
1544554638.107151 -2.24718749786 0.4000176 1.31424070373 -0.0315357 0.8221905 0.1852279 0.5373071
1544554639.103341 -2.23194056287 0.3983359 1.25841722522 -0.0283639 0.7755480 0.1762123 0.6055329
1544554639.321375 -2.22325851324 0.4031283 1.24898840199 -0.0277755 0.7568126 0.1730202 0.6297041
1544554639.623749 -2.21386957577 0.4007267 1.21080371514 -0.0250405 0.7411489 0.1691882 0.6491891
1544554639.896543 -2.2174175735 0.4048706 1.17930637754 -0.0228760 0.7204378 0.1634292 0.6736000
1544554640.842323 -2.20691197348 0.4084035 1.09466797728 -0.0208180 0.6939297 0.1587187 0.7020232
1544554641.184905 -2.20835495201 0.4240418 1.01677640361 -0.0173200 0.6927866 0.1602786 0.7028923
1544554641.717162 -2.21650818606 0.4442881 0.932628048986 -0.0188501 0.6955848 0.1583109 0.7005313
1544554643.147131 -2.18051797793 0.5108893 0.745788464879 -0.0167492 0.6672063 0.1541621 0.7285528
1544554643.451546 -2.18932082914 0.5228199 0.687687970984 -0.0162816 0.6808687 0.1566936 0.7152621
1544554643.741603 -2.18351991209 0.5339980 0.651968889002 -0.0181983 0.6821159 0.1564684 0.7140759
1544554645.614955 -2.10285756854 0.5365291 0.477245733275 -0.0156047 0.6496612 0.1519630 0.7447175
1544554645.942744 -2.09131184563 0.5581269 0.383735918547 -0.0115095 0.6513658 0.1531544 0.7430572
1544554646.270246 -2.09825371322 0.5884889 0.323436700992 -0.0123787 0.6769975 0.1544350 0.7194936
1544554646.910437 -2.11226864076 0.5989587 0.208523527213 -0.0138777 0.6936752 0.1575189 0.7027161
1544554647.703487 -2.07475772814 0.4810984 0.0764876593809 -0.0163113 0.7125108 0.1597544 0.6830379
1544554648.361057 -2.06695750385 0.4363090 0.0469601661302 -0.0156446 0.7389944 0.1622279 0.6537008
1544554648.716060 -2.04976760462 0.4462354 0.0323203004231 -0.0146082 0.6969908 0.1584762 0.6991965
1544554651.441478 -1.98660588636 0.4150283 0.0252743491584 -0.0052244 0.4744346 0.1115226 0.8731822
1544554653.782868 -2.05233624549 0.4447876 0.0330258426237 0.0084786 0.0822344 0.0266627 0.9962202
1544554653.909591 -2.05287889317 0.4442892 0.0337103041202 0.0084125 0.0804681 0.0263303 0.9963738
1544554655.479240 -1.9495864385 0.4517813 0.013532950556 -0.0043971 0.5277876 0.1275200 0.8397378
1544554655.894709 -1.95427993883 0.4569798 0.0133815027866 -0.0049373 0.5274754 0.1252092 0.8402785
1544554656.350214 -1.96737323035 0.4490299 0.0411138178214 -0.0033903 0.4317202 0.1046202 0.8959134
1544554658.199185 -2.01577972994 0.4439671 0.0582160900605 0.0046212 0.1689139 0.0468391 0.9845064
1544554658.544638 -2.02145142248 0.4463109 0.0611408956545 0.0046484 0.1522310 0.0425614 0.9874172
1544554662.796787 -1.96288354506 0.4777505 0.0171082243639 0.0081209 0.0136466 0.0166198 0.9997358
1544554662.994950 -1.93769647384 0.4874471 0.0244894095457 0.0063923 0.0092676 0.0157062 0.9998133
1544554663.195253 -1.90766889841 0.4907277 0.0357232005911 0.0048994 0.0142358 0.0176978 0.9997301
1544554664.159388 -1.72917211585 0.5061988 0.0582161985462 0.0061889 0.0242290 0.0165397 0.9995505
1544554666.117576 -1.28460823158 0.6129614 0.0749074315799 0.0052217 0.0219328 0.0160188 0.9996175
1544554666.781253 -1.20424408542 0.6188036 0.0697835359034 0.0073764 0.0144869 0.0128830 0.9997848
1544554667.822083 -1.03272336755 0.6433634 0.132567544893 0.0056031 0.0079063 0.0162199 0.9998215
1544554668.490406 -0.916706807243 0.6904590 0.100486400709 0.0119872 -0.0028194 0.0114529 0.9998586
1544554669.148068 -0.863906801397 0.7147939 0.0428570452346 0.0066755 0.0186858 0.0131013 0.9997173
1544554669.499635 -0.805511439198 0.7112283 0.0352066647304 0.0041910 -0.0005598 0.0123439 0.9999149
1544554669.866448 -0.7490929763 0.7071372 0.0369959951434 0.0054907 -0.0029699 0.0116458 0.9999127
1544554670.208763 -0.70989623885 0.6984856 0.0311798219606 0.0057301 -0.0014849 0.0123251 0.9999065
1544554670.564397 -0.646710675522 0.7024581 0.0312895350767 0.0064599 -0.0012786 0.0138676 0.9998822
1544554671.611624 -0.421724269336 0.7454355 0.0277187472518 0.0076250 -0.0058472 0.0137766 0.9998589
1544554671.964757 -0.346210698005 0.7409887 0.0254378885429 0.0072390 -0.0022325 0.0135255 0.9998798
1544554672.333075 -0.288601985599 0.7474419 0.0266891117118 0.0064136 -0.0040770 0.0106447 0.9999145
1544554672.716453 -0.214845073729 0.7553824 0.0314909522415 0.0058202 0.0036380 0.0121245 0.9999030
1544554673.045286 -0.183748198326 0.7554088 0.0304242436374 0.0048017 0.0096488 0.0126930 0.9998614
1544554673.742537 -0.0665729738774 0.7809762 0.0375705819924 0.0032449 0.0359628 0.0233415 0.9990752
1544554674.064787 -0.0173779673132 0.7898115 0.045103166839 0.0031186 0.0507834 0.0254949 0.9983793
1544554674.434729 0.0632632869686 0.8035977 0.0615797754497 0.0046942 0.0415704 0.0247226 0.9988186
1544554674.758922 0.10367044756 0.8147808 0.049836513781 0.0071116 0.0284010 0.0193289 0.9993844
