1544555308.533603 0 1.1181796 0 0.0052204 -0.6931966 -0.1486130 0.7052414
1544555308.843757 0.00427025875415 1.1121222 0.0154586203544 0.0043108 -0.6923225 -0.1469270 0.7064584
1544555309.133402 0.00702377361877 1.0961555 0.0526459155712 0.0027971 -0.7019513 -0.1482394 0.6966215
1544555309.405510 0.0168962618777 1.0871828 0.111413695593 0.0015866 -0.7108040 -0.1478290 0.6876785
1544555311.398072 -0.000508363265384 0.9785948 0.612878249609 0.0022583 -0.7297010 -0.1568991 0.6655178
1544555311.698838 -4.42808197754e-05 0.9637793 0.696833756837 0.0044814 -0.7356890 -0.1578496 0.6586540
1544555312.033889 0.00950019994886 0.9393726 0.785296696167 0.0055007 -0.7375839 -0.1595495 0.6561126
1544555312.508939 0.0014005920001 0.9081553 0.897615027309 0.0060320 -0.7292476 -0.1583829 0.6656398
1544555312.868830 -0.00541866125417 0.8793639 0.975387177348 0.0049599 -0.7396466 -0.1623720 0.6530955
1544555313.226713 -0.0151127033984 0.8525831 1.08644748064 0.0030492 -0.7279325 -0.1574819 0.6673114
1544555313.907079 -0.0149213726954 0.8284990 1.25349176721 0.0032735 -0.7218311 -0.1544382 0.6746094
1544555314.951210 -0.0127842244605 0.7251664 1.55443889424 0.0043507 -0.7030891 -0.1525762 0.6945266
1544555316.055954 -0.0400413226577 0.7141281 1.57093027836 0.0075932 -0.6846847 -0.1509039 0.7130058
1544555316.881713 -0.0738336676274 0.7021328 1.71133579637 0.0020673 -0.7031173 -0.1516080 0.6947207
1544555317.283722 -0.0670149961829 0.6998445 1.79397566094 0.0033737 -0.7251794 -0.1552403 0.6708233
1544555317.660818 -0.0881638108252 0.6672217 1.86541496603 0.0030004 -0.7416066 -0.1597931 0.6515189
1544555318.053393 -0.123295343157 0.6467523 1.85844673843 0.0071016 -0.7798032 -0.1716211 0.6019990
1544555318.445736 -0.175052236334 0.6389435 1.84297666023 0.0076799 -0.8094590 -0.1784385 0.5593538
1544555319.549218 -0.340963664477 0.6662241 1.810723742 -0.0080525 0.9289842 0.1971184 -0.3131578
1544555320.134362 -0.379053304814 0.7015851 1.86029032449 -0.0099455 0.9662346 0.2018876 -0.1597910
1544555320.393866 -0.38608884753 0.7071436 1.8753264082 -0.0115454 0.9758677 0.2034321 -0.0785134
1544555320.594596 -0.393770937158 0.7021335 1.88229095775 -0.0132913 0.9782515 0.2036114 -0.0372807
1544555320.762925 -0.41063181992 0.6929009 1.8852909341 -0.0123156 0.9786276 0.2026701 -0.0325773
1544555320.895267 -0.431112512299 0.6820190 1.88854557869 -0.0123187 0.9787367 0.2029327 -0.0272219
1544555321.065853 -0.457937495854 0.6682659 1.89150426097 -0.0112364 0.9782955 0.2027050 -0.0415013
1544555321.497584 -0.544357513091 0.6952828 1.88763833462 -0.0069416 0.9778128 0.2032924 -0.0500603
1544555321.700515 -0.574784308912 0.7073197 1.88970653062 -0.0084305 0.9789096 0.2021427 -0.0283442
1544555321.866280 -0.597502791966 0.6968963 1.88617802924 -0.0096897 0.9789732 0.2016590 -0.0291748
1544555322.895919 -0.800575288028 0.6833661 1.90667155084 -0.0082529 0.9792866 0.2021250 -0.0086677
1544555323.104160 -0.85055696795 0.6725864 1.91041526751 -0.0069580 0.9791157 0.2029958 0.0087655
1544555324.368207 -1.09190986949 0.6223667 1.91559428662 -0.0102028 0.9767444 0.2030775 0.0680131
1544555325.085559 -1.2433099989 0.6596910 1.91468693894 -0.0127186 0.9766789 0.2046019 0.0638329
1544555325.622256 -1.25483859197 0.6569077 1.90894555314 -0.0157261 0.9772785 0.2045056 0.0534505
1544555325.870744 -1.29913653189 0.6567589 1.91778456979 -0.0118128 0.9783781 0.2049287 0.0253168
1544555326.785603 -1.37144003325 0.6459996 1.88602848049 -0.0127024 0.9758099 0.2028423 0.0805526
1544555327.117516 -1.4640911465 0.6507812 1.88629863894 -0.0077058 0.9748803 0.2067821 0.0824026
1544555327.454518 -1.52602703186 0.6657525 1.88503779482 -0.0073316 0.9771172 0.2060408 0.0523009
1544555328.397307 -1.67972133732 0.6732836 1.91052796219 -0.0072231 0.9773406 0.2057631 0.0491400
1544555328.716330 -1.75002194696 0.6724848 1.91167506081 -0.0068766 0.9757529 0.2052788 0.0756282
1544555329.021821 -1.80024229002 0.6643598 1.90744433976 -0.0092680 0.9765307 0.2070180 0.0586982
1544555329.857146 -1.97326299049 0.6600806 1.93361831145 -0.0060216 0.9773498 0.2067856 0.0446200
1544555330.126769 -2.03771173166 0.6547273 1.92814244193 -0.0052608 0.9769127 0.2069640 0.0527246
1544555330.374602 -2.09897744979 0.6595032 1.92630659635 -0.0064801 0.9766984 0.2054059 0.0618599
1544555330.763661 -2.13931233036 0.6569322 1.94572119463 -0.0108457 0.9756635 0.2034043 0.0811770
1544555330.986441 -2.17591475616 0.6541556 1.94870302473 -0.0118541 0.9769786 0.2037387 0.0621517
1544555331.252157 -2.23744007908 0.6499926 1.93709106063 -0.0088568 0.9776853 0.2063657 0.0382894
1544555331.723156 -2.35058917218 0.6428167 1.95116425589 -0.0061410 0.9772367 0.2045431 0.0559727
1544555332.171152 -2.41868953518 0.6540133 1.9376750871 -0.0082081 0.9776252 0.2051416 0.0458090
1544555332.539871 -2.49621925113 0.6605759 1.93138971726 -0.0080378 0.9771826 0.2048753 0.0554594
1544555332.740713 -2.5288836162 0.6625559 1.93036103793 -0.0080882 0.9763027 0.2035247 0.0731109
1544555332.968913 -2.54720537227 0.6619796 1.9294465734 -0.0101371 0.9769335 0.2030660 0.0652870
1544555333.214854 -2.5838063324 0.6447340 1.92007346867 -0.0101215 0.9778045 0.2047094 0.0434733
1544555333.474542 -2.63731434888 0.6392117 1.90815428487 -0.0073790 0.9773629 0.2052617 0.0507433
1544555333.683041 -2.68068874702 0.6387444 1.89493502758 -0.0066150 0.9760277 0.2054110 0.0716408
1544555334.451478 -2.81522711691 0.6452758 1.9206480754 -0.0086826 0.9787153 0.2033288 0.0264268
1544555334.638852 -2.85000299061 0.6481270 1.92268801906 -0.0074099 0.9786499 0.2036339 0.0268811
1544555334.812259 -2.89829914402 0.6492361 1.91439762612 -0.0066973 0.9781329 0.2052938 0.0326435
1544555334.987282 -2.92441240004 0.6500870 1.9115170244 -0.0078692 0.9776243 0.2050025 0.0465062
1544555335.156142 -2.94139214371 0.6544317 1.91349613268 -0.0090793 0.9750148 0.2040211 0.0874017
1544555335.361366 -2.95855685181 0.6629586 1.91698725799 -0.0099657 0.9686267 0.2018525 0.1446323
1544555335.757680 -2.96447973519 0.6627033 1.90530778652 -0.0155409 0.9531895 0.1983528 0.2276936
1544555335.988382 -2.97650096201 0.6611841 1.90084992626 -0.0137014 0.9438446 0.1964953 0.2652533
1544555336.181423 -2.99690756361 0.6684868 1.89877573432 -0.0132032 0.9304847 0.1921804 0.3115937
1544555336.357013 -3.00797123326 0.6699558 1.89268493668 -0.0131470 0.9149435 0.1888179 0.3564455
1544555336.499998 -3.01392895992 0.6724767 1.88143164197 -0.0139240 0.9074627 0.1874895 0.3757198
1544555336.989211 -3.03869291309 0.6564723 1.84571894203 -0.0131904 0.8592849 0.1754577 0.4802813
1544555337.633550 -3.05786400962 0.6417071 1.83858619335 -0.0114380 0.7905803 0.1604775 0.5908459
1544555337.815799 -3.06084540514 0.6385029 1.83561606336 -0.0116023 0.7669638 0.1551626 0.6225404
1544555338.326191 -3.057611272 0.6363590 1.77776499016 -0.0104841 0.7642626 0.1545849 0.6260161
1544555338.919535 -3.01808585609 0.6347981 1.71642563577 -0.0100391 0.7268602 0.1466863 0.6708626
1544555339.276861 -3.02455681106 0.6392713 1.66538301795 -0.0073672 0.7038288 0.1399347 0.6964116
1544555339.616398 -3.01016906795 0.6390266 1.62577491192 -0.0086009 0.6855419 0.1353836 0.7152829
1544555339.843848 -3.00691191312 0.6439717 1.61113786325 -0.0085709 0.6771854 0.1326033 0.7237146
1544555341.038943 -3.02828266811 0.6837924 1.3282849174 -0.0041956 0.6767293 0.1348675 0.7237614
1544555342.558715 -2.98935180448 0.7701913 1.05375965594 -0.0041458 0.6405199 0.1272571 0.7573128
1544555343.473435 -2.9950697933 0.7949463 0.872947038086 -0.0063414 0.6491603 0.1278756 0.7497990
1544555343.741385 -2.98539017835 0.7937919 0.843182791151 -0.0070108 0.6394018 0.1252782 0.7585654
1544555345.095578 -2.88519057309 0.7995729 0.6507921443 -0.0033220 0.6186056 0.1228402 0.7760325
1544555345.450907 -2.88078432789 0.8274348 0.525918093142 -0.0002482 0.6282547 0.1251501 0.7678759
1544555345.789310 -2.89514244983 0.8721074 0.442012079643 -0.0009433 0.6590687 0.1281610 0.7410818
1544555346.415844 -2.90501492127 0.8426019 0.25643019694 -0.0010280 0.6752283 0.1339488 0.7253436
1544555346.735583 -2.87788300116 0.7678835 0.169516918994 -0.0025594 0.6825663 0.1352212 0.7182004
1544555347.223176 -2.86924206348 0.6940672 0.111514552023 -0.0039678 0.6914230 0.1324178 0.7102000
1544555349.062246 -2.7709601766 0.6502390 0.0155137952297 -0.0025022 0.5668672 0.1074657 0.8167658
1544555349.507676 -2.75647397508 0.6388701 0.0208457840384 -0.0007831 0.5672790 0.1069622 0.8165494
1544555353.203638 -2.85111482304 0.6491790 0.0641823486737 0.0039112 0.0433677 -0.0054673 0.9990366
1544555355.320237 -2.69731728518 0.6669207 0.0281186677695 0.0033995 0.4925263 0.0962024 0.8649575
1544555355.853864 -2.72997143604 0.6490370 0.0757940265824 0.0017068 0.3680615 0.0675554 0.9273425
1544555357.549433 -2.79094973619 0.6425427 0.0947998102611 0.0020648 0.1411777 0.0166872 0.9898415
1544555357.933394 -2.79021252175 0.6526892 0.0921151434825 0.0023529 0.1154413 0.0113112 0.9932471
1544555362.360210 -2.69761431735 0.6990841 0.0390716174905 0.0016107 -0.0230225 -0.0145589 0.9996276
1544555362.580482 -2.65007758155 0.7057721 0.0531072642899 -0.0001125 -0.0271009 -0.0146010 0.9995260
1544555362.823035 -2.58278777691 0.7031738 0.0632316267343 -0.0000998 -0.0242622 -0.0129917 0.9996212
1544555363.362628 -2.4218168451 0.7040634 0.0731563512807 0.0023196 -0.0189487 -0.0124864 0.9997398
1544555363.606213 -2.39142379853 0.7087619 0.0898623299283 0.0011325 -0.0174493 -0.0149621 0.9997352
1544555364.711484 -2.03868771271 0.8172731 0.0522750619511 0.0049612 0.0126111 -0.0027854 0.9999043
1544555365.098585 -1.92250164523 0.8425046 0.0644046580614 0.0020623 -0.0108005 -0.0130150 0.9998549
1544555365.829618 -1.73198436325 0.8427004 0.0802166993664 0.0043262 -0.0140976 -0.0161915 0.9997602
1544555366.194409 -1.6690030005 0.8232074 0.0909290376134 0.0029815 -0.0271703 -0.0186115 0.9994531
1544555368.690835 -1.1664484539 0.9155893 0.0365122824709 0.0000137 -0.0302647 -0.0187657 0.9993657
1544555369.037340 -1.08259410054 0.9064468 0.0304344206125 -0.0012601 -0.0417313 -0.0179654 0.9989666
1544555369.412881 -1.02508171151 0.8948779 0.0280248390289 -0.0003308 -0.0463469 -0.0210409 0.9987037
1544555369.768781 -0.947483464411 0.8775059 0.0222269520755 -0.0004826 -0.0420268 -0.0185016 0.9989451
1544555370.561318 -0.749668891533 0.9023695 0.0210409014512 0.0002995 -0.0435525 -0.0169621 0.9989071
1544555370.964981 -0.617013404351 0.9203092 0.0150825869618 0.0008554 -0.0468951 -0.0169831 0.9987550
1544555371.730710 -0.421073990988 0.9107658 0.00383050108572 -0.0003971 -0.0447456 -0.0204621 0.9987888
1544555372.131557 -0.320977317182 0.9136574 0.00611345585963 -0.0014057 -0.0370195 -0.0190975 0.9991311
1544555372.521742 -0.274998587663 0.9141651 0.00565284665462 -0.0017442 -0.0305630 -0.0183740 0.9993624
1544555373.266838 -0.100264597958 0.9401520 0.0152949919108 -0.0037683 0.0070760 -0.0055185 0.9999526
1544555373.577502 -0.0275287161987 0.9489956 0.025933500831 -0.0023221 0.0105554 -0.0053173 0.9999275
1544555373.935668 0.0656354399603 0.9596849 0.0306680310078 -0.0015460 -0.0006169 -0.0079825 0.9999667
