1544554066.400587 0 1.0839744 0 0.0024162 -0.6369176 -0.1360089 0.7588358
1544554066.647429 0.00213456243212 1.0819666 0.00531043550223 0.0026034 -0.6372387 -0.1352332 0.7587042
1544554066.869434 0.00385619582202 1.0738007 0.021900443001 0.0018050 -0.6413775 -0.1357735 0.7551140
1544554068.268448 0.0390126966877 1.0153283 0.313052468231 0.0005578 -0.6629622 -0.1414026 0.7351776
1544554068.506083 0.0222213497229 1.0059135 0.358547085679 0.0005177 -0.6561356 -0.1417449 0.7412113
1544554068.752666 0.0150911091563 0.9875842 0.414809557794 -0.0004853 -0.6591038 -0.1420050 0.7385232
1544554069.299949 -0.00306957584108 0.9538659 0.575537958755 -0.0001321 -0.6768863 -0.1449905 0.7216666
1544554069.555780 -0.00497467020838 0.9418641 0.636432000915 0.0014708 -0.6823539 -0.1462591 0.7162396
1544554069.824197 2.90190986584e-05 0.9276093 0.705454977138 0.0022276 -0.6807423 -0.1464311 0.7177345
1544554070.233782 -0.00122939783968 0.8949021 0.805095213017 0.0030427 -0.6771902 -0.1464088 0.7210885
1544554071.168829 -0.0317681195277 0.8394089 1.0259554439 0.0011629 -0.6727209 -0.1449366 0.7255608
1544554071.466170 -0.0295025010766 0.8356003 1.08888437717 0.0020215 -0.6704070 -0.1441230 0.7278591
1544554071.776723 -0.0311426075628 0.8192312 1.1659311512 0.0014628 -0.6679643 -0.1426156 0.7303988
1544554073.127682 -0.0462948123413 0.7174072 1.47965249625 0.0028395 -0.6376781 -0.1384634 0.7577509
1544554074.277847 -0.0857654111378 0.6820889 1.48308372476 0.0012238 -0.6329269 -0.1386609 0.7616923
1544554074.667842 -0.0859055508109 0.6953688 1.56481804982 -0.0005809 -0.6449070 -0.1382198 0.7516581
1544554075.054816 -0.0869919222094 0.7029299 1.6360447731 0.0007984 -0.6594546 -0.1409196 0.7384177
1544554075.437309 -0.093100006091 0.6818431 1.70407150441 0.0009094 -0.6873501 -0.1471660 0.7112603
1544554075.826123 -0.129121425014 0.6540394 1.73581440135 0.0030466 -0.7177572 -0.1569106 0.6783763
1544554076.204365 -0.169571545044 0.6268148 1.71684964642 0.0048297 -0.7500750 -0.1659309 0.6401805
1544554076.563914 -0.228193654269 0.6502404 1.68487137734 0.0046916 -0.7992905 -0.1783609 0.5738468
1544554077.472284 -0.340233669282 0.6579770 1.6754025955 -0.0068356 0.9019610 0.1918280 -0.3868097
1544554077.867411 -0.367994355354 0.6850852 1.70939030027 -0.0082187 0.9338650 0.1943756 -0.3000781
1544554078.035807 -0.378200537846 0.6922323 1.71511479756 -0.0096293 0.9487443 0.1983946 -0.2458275
1544554078.208355 -0.386062460087 0.6994174 1.72554638842 -0.0105080 0.9599007 0.1994531 -0.1967198
1544554078.420087 -0.393495842874 0.6981360 1.73791048015 -0.0117553 0.9693099 0.2006789 -0.1415206
1544554078.884030 -0.443471502316 0.6643774 1.74803170918 -0.0119245 0.9731010 0.2020951 -0.1099534
1544554079.016546 -0.465589725363 0.6569099 1.74586193447 -0.0103266 0.9713706 0.2019196 -0.1247433
1544554079.354931 -0.532634825042 0.6766269 1.74154378594 -0.0061348 0.9708224 0.2008354 -0.1308871
1544554079.864181 -0.598657261522 0.6773309 1.73609782751 -0.0096474 0.9743793 0.2001407 -0.1021550
1544554080.316774 -0.682852107077 0.7015208 1.74692336243 -0.0063127 0.9772204 0.1982036 -0.0756026
1544554080.488734 -0.709767802476 0.7017384 1.75263222494 -0.0083421 0.9768550 0.1970901 -0.0827051
1544554080.659918 -0.744345578234 0.6840021 1.75151327552 -0.0076230 0.9755822 0.1979956 -0.0947576
1544554080.829695 -0.784125745408 0.6705806 1.74830303134 -0.0067874 0.9762970 0.1995466 -0.0835426
1544554081.484375 -0.919763450443 0.6696696 1.76067175292 -0.0082524 0.9785774 0.1980954 -0.0554645
1544554081.726996 -0.935633807286 0.6667673 1.75456762343 -0.0113671 0.9792897 0.1985717 -0.0378399
1544554081.987517 -0.979339539748 0.6443238 1.74482182538 -0.0116896 0.9796475 0.1993333 -0.0205015
1544554082.220172 -1.03624664859 0.6189548 1.73860714749 -0.0080134 0.9798087 0.1995889 -0.0086606
1544554083.958964 -1.25278516575 0.6432866 1.71346453797 -0.0095293 0.9789171 0.2017274 -0.0306038
1544554084.620883 -1.28498594212 0.6405463 1.69086788104 -0.0123241 0.9799107 0.1990082 -0.0043350
1544554084.930324 -1.34896893429 0.6381496 1.70297905534 -0.0077564 0.9796547 0.2004980 0.0041406
1544554085.209656 -1.41325666382 0.6481479 1.69709182904 -0.0052000 0.9795702 0.2007503 -0.0106970
1544554085.773390 -1.47482333963 0.6616300 1.69709616539 -0.0092952 0.9784780 0.2000157 -0.0498810
1544554086.061178 -1.50703821776 0.6568035 1.71370973892 -0.0084785 0.9788808 0.1983111 -0.0489194
1544554086.875045 -1.65174155393 0.6499959 1.70889220919 -0.0086540 0.9797476 0.1998794 -0.0082434
1544554087.131684 -1.69394423166 0.6478181 1.70136135443 -0.0086949 0.9791597 0.1994077 -0.0375149
1544554087.868095 -1.82952973129 0.6382381 1.72084083913 -0.0054399 0.9790328 0.1993666 -0.0414524
1544554088.135030 -1.88552221719 0.6423578 1.71180498988 -0.0068677 0.9793705 0.1980250 -0.0396518
1544554088.334003 -1.93060505504 0.6439632 1.71241164788 -0.0075108 0.9802855 0.1968294 -0.0155570
1544554088.943483 -1.97801325155 0.6304300 1.73311384878 -0.0122341 0.9794104 0.1986616 -0.0337539
1544554089.123330 -2.0187275358 0.6263381 1.73193268663 -0.0101012 0.9787605 0.1980669 -0.0519158
1544554089.493349 -2.09551021081 0.6158832 1.74123986981 -0.0090138 0.9794475 0.1977649 -0.0386066
1544554089.664839 -2.12037175379 0.6124668 1.74470164896 -0.0096043 0.9793794 0.1981576 -0.0381750
1544554090.227879 -2.20846093079 0.6201758 1.73209344565 -0.0097861 0.9782331 0.1993010 -0.0569504
1544554090.367914 -2.22949262701 0.6211503 1.73138331885 -0.0093345 0.9785786 0.1990005 -0.0519181
1544554090.532940 -2.25179040391 0.6197727 1.72877224411 -0.0102885 0.9794888 0.1991022 -0.0292257
1544554090.696573 -2.27408446528 0.6177047 1.73286726427 -0.0113826 0.9797992 0.1986243 -0.0203060
1544554090.903896 -2.28830255752 0.6154146 1.73203232642 -0.0130380 0.9794223 0.1991108 -0.0302785
1544554091.537524 -2.39415782148 0.5882806 1.71000578092 -0.0099334 0.9793447 0.2007091 -0.0223862
1544554091.732619 -2.43195324702 0.5825540 1.70200591805 -0.0092366 0.9790918 0.2010613 -0.0294671
1544554092.034958 -2.47407588693 0.5840343 1.71418014704 -0.0117656 0.9784510 0.1993759 -0.0523880
1544554092.167326 -2.49405044668 0.5865335 1.72270555966 -0.0098121 0.9783947 0.1979303 -0.0589152
1544554092.329863 -2.52143607009 0.5861799 1.73246972014 -0.0103864 0.9777133 0.1983753 -0.0679411
1544554092.469190 -2.54632511343 0.5877854 1.73494999006 -0.0102731 0.9775901 0.1990427 -0.0677796
1544554092.900090 -2.62657138635 0.5864933 1.72559741061 -0.0108070 0.9783344 0.2011225 -0.0479032
1544554093.049670 -2.63936569215 0.5888467 1.72665881048 -0.0105888 0.9794119 0.2009059 -0.0166422
1544554093.222953 -2.65434389904 0.5945805 1.73132104054 -0.0129142 0.9792311 0.1998467 0.0316398
1544554093.810285 -2.66375717814 0.5949544 1.71786492496 -0.0185881 0.9668306 0.1983312 0.1598686
1544554093.974718 -2.6795600046 0.5968674 1.71461836706 -0.0173690 0.9623325 0.1965419 0.1870449
1544554094.117855 -2.69186782846 0.5999843 1.71419177752 -0.0171331 0.9559910 0.1942681 0.2191976
1544554094.263303 -2.70119926055 0.6017642 1.70849196526 -0.0172575 0.9445546 0.1915616 0.2661259
1544554094.410812 -2.70636771807 0.6042196 1.69800358272 -0.0156854 0.9388763 0.1916583 0.2855388
1544554094.545455 -2.70222059904 0.5981613 1.69584010099 -0.0190882 0.9179696 0.1864987 0.3495507
1544554094.680789 -2.70934724826 0.5869947 1.68371633819 -0.0200593 0.9080667 0.1846838 0.3753723
1544554095.180111 -2.73759561467 0.5797051 1.67338546628 -0.0186431 0.8819821 0.1768792 0.4364329
1544554095.675422 -2.74821793548 0.5725748 1.66124100734 -0.0172148 0.8262382 0.1657732 0.5381016
1544554095.822380 -2.74817177087 0.5673505 1.65470179844 -0.0175415 0.8183879 0.1642437 0.5504158
1544554096.003041 -2.74730985552 0.5687199 1.63619002887 -0.0168261 0.8157519 0.1642049 0.5543488
1544554096.384580 -2.73748533204 0.5666925 1.6024427463 -0.0167488 0.8136370 0.1632659 0.5577262
1544554097.021200 -2.71144231291 0.5679948 1.53032213329 -0.0146691 0.7745011 0.1538179 0.6134109
1544554097.798483 -2.69914972145 0.5767566 1.46500852045 -0.0145831 0.7433710 0.1449898 0.6528131
1544554097.983464 -2.71015304081 0.5755060 1.4465244414 -0.0134688 0.7375270 0.1437821 0.6596963
1544554098.220213 -2.70609473299 0.5749074 1.39375769751 -0.0120417 0.7375632 0.1454650 0.6593143
1544554099.528772 -2.71492890261 0.6310059 1.14102631605 -0.0121558 0.7165126 0.1399464 0.6832840
1544554100.391169 -2.6919494238 0.6780112 1.00106795192 -0.0108881 0.7149448 0.1412678 0.6846743
1544554102.432349 -2.65523185211 0.6898789 0.724594264234 -0.0117804 0.6898587 0.1350472 0.7111388
1544554102.726073 -2.62371362296 0.6978827 0.687343924803 -0.0120756 0.7009700 0.1378783 0.6996319
1544554103.018827 -2.61463562273 0.7052152 0.604480122029 -0.0095853 0.6919489 0.1377818 0.7086120
1544554103.304866 -2.61107099376 0.7236157 0.508076944681 -0.0066793 0.6959012 0.1390458 0.7045162
1544554103.605541 -2.63241256819 0.7535440 0.43420548454 -0.0077876 0.7180133 0.1391753 0.6819285
1544554104.126463 -2.64484397445 0.7825343 0.330411877466 -0.0095032 0.7372355 0.1429132 0.6602796
1544554104.918911 -2.62159023298 0.6271530 0.121254279075 -0.0114183 0.7505836 0.1453074 0.6444994
1544554105.522417 -2.61084230324 0.5552383 0.0820672591427 -0.0108063 0.7759584 0.1477649 0.6131372
1544554105.959204 -2.59359462501 0.5512730 0.059020455501 -0.0106176 0.7537845 0.1474664 0.6402732
1544554107.099202 -2.52263896006 0.5515926 0.00996808336641 -0.0124811 0.6405996 0.1228747 0.7578774
1544554109.671305 -2.53796763397 0.5492581 0.077298522694 -0.0067992 0.2746377 0.0452278 0.9604595
1544554110.734729 -2.59318049716 0.5525493 0.0712957455888 -0.0043425 0.1653715 0.0215112 0.9859871
1544554112.639714 -2.46738578382 0.5620334 0.0311290972711 -0.0051909 0.5563502 0.1124557 0.8232868
1544554113.026078 -2.45510514916 0.5691199 0.0127262225621 -0.0049166 0.6009412 0.1193173 0.7903219
1544554116.250191 -2.55803986919 0.5568600 0.0834476332687 -0.0061856 0.1647649 0.0244575 0.9860102
1544554119.342811 -2.56350738531 0.5781544 0.0393556327271 -0.0025860 0.0515223 0.0008702 0.9986681
1544554119.938852 -2.49462444647 0.5911521 0.0366111782887 -0.0049238 0.0725704 0.0089475 0.9973110
1544554120.375417 -2.43846934313 0.6162021 0.0434605449935 -0.0059805 0.0645293 0.0075330 0.9978694
1544554120.876546 -2.30944123588 0.6189254 0.0476307491766 -0.0061907 0.0727916 0.0106154 0.9972715
1544554121.310378 -2.19695806687 0.6293413 0.0605017314682 -0.0050619 0.0756767 0.0099104 0.9970703
1544554121.717892 -2.14223510096 0.6408431 0.0759818213239 -0.0059545 0.0957138 0.0114309 0.9953254
1544554122.922887 -1.77472208267 0.7818821 0.0461899620631 -0.0029100 0.0983803 0.0140475 0.9950455
1544554123.237154 -1.68610371463 0.7664732 0.0691799694293 -0.0060298 0.0875067 0.0097829 0.9960976
1544554123.554869 -1.60306010213 0.7771183 0.0728438239693 -0.0037827 0.0857383 0.0092375 0.9962677
1544554124.530262 -1.4462826507 0.7759526 0.101872678976 -0.0067807 0.0733533 0.0057855 0.9972662
1544554125.144561 -1.30066136664 0.7951159 0.133195106112 -0.0065921 0.0636402 0.0080818 0.9979184
1544554126.473984 -1.0999213442 0.8820657 0.0202918956707 -0.0045144 0.0758380 0.0047961 0.9970984
1544554126.719477 -1.06235719704 0.8802572 0.0107007746268 -0.0062024 0.0624464 0.0045146 0.9980189
1544554127.325356 -0.95260599908 0.8652637 0.000270924595351 -0.0066783 0.0547810 0.0026173 0.9984726
1544554127.607332 -0.905012048974 0.8575787 -0.00185667199206 -0.0061111 0.0570702 0.0038205 0.9983441
1544554127.941694 -0.829978792913 0.8619788 -0.00460019973137 -0.0053661 0.0575726 0.0054700 0.9983119
1544554128.313077 -0.738973514569 0.8768559 -0.0103587198877 -0.0047322 0.0563967 0.0061405 0.9983783
1544554128.632678 -0.657734528988 0.8979544 -0.00813084773841 -0.0042251 0.0554604 0.0061486 0.9984330
1544554128.941336 -0.569127667301 0.9076659 -0.0198418729865 -0.0044377 0.0534040 0.0054767 0.9985481
1544554129.603433 -0.412696476338 0.9091372 -0.0258188443231 -0.0049596 0.0557129 0.0025447 0.9984313
1544554130.301705 -0.274689217347 0.9139761 -0.0314725166464 -0.0062202 0.0690393 0.0045192 0.9975843
1544554130.611906 -0.248333960297 0.9263860 -0.0272887754667 -0.0075609 0.0722655 0.0041519 0.9973481
1544554130.854542 -0.19322942765 0.9319207 -0.0260200871209 -0.0072973 0.0841173 0.0094093 0.9963847
1544554131.219210 -0.0911704471337 0.9539067 -0.0237575009801 -0.0075224 0.1064532 0.0162957 0.9941557
1544554131.456688 -0.0391371547131 0.9573476 -0.0179765599016 -0.0072023 0.1084657 0.0167239 0.9939334
1544554131.771647 0.0419331258093 0.9613891 -0.00937803743834 -0.0082742 0.1014553 0.0163463 0.9946714
